77607870;913133238;913133253;
77607871;913133242;913133238;
77607871;913133238;913133215;
77607871;913133215;913133206;
77607871;913133206;913133253;
77607871;913133253;1163403931;
77607871;1163403931;913133258;
98835842;1143318660;1143316454;
98835842;1143316454;4477811718;
98835842;4477811718;1143317849;
98835842;1143317849;4477811717;
98835842;4477811717;1143317385;
98835842;1143317385;4477811716;
98835842;4477811716;4477811715;
98835842;4477811715;1143318495;
98835842;1143318495;4477811714;
98835842;4477811714;1143318219;
98835842;1143318219;4477811713;
98835842;4477811713;1143317864;
98835842;1143317864;1164520488;
98835842;1164520488;1143316151;
98835842;1143316151;4477811712;
98835842;4477811712;1143318510;
98835842;1143318510;1143317134;
98835842;1143317134;1143316606;
98835842;1143316606;4477811711;
98835842;4477811711;1143318009;
98835842;1143318009;1143317656;
98835842;1143317656;1143316819;
98835842;1143316819;3752239627;
98835842;3752239627;3752239628;
98835842;3752239628;3752239629;
98835842;3752239629;3752239630;
98835842;3752239630;3752239631;
98835842;3752239631;3752239632;
98835842;3752239632;3752239633;
98835842;3752239633;3752239634;
98835842;3752239634;3752239635;
98835842;3752239635;3752239636;
98835842;3752239636;3752239637;
98835842;3752239637;3752239638;
98835842;3752239638;3752239639;
98835842;3752239639;1143317073;
98836070;1691899582;2700448456;
98836070;2700448456;2637456697;
98836070;2637456697;1148143789;
98836070;1148143789;2637477056;
98836070;2637477056;4103936121;
98836070;4103936121;4103936122;
98836070;4103936122;1148143473;
98836070;1148143473;1148143239;
98836070;1148143239;1148143879;
98836070;1148143879;4103936125;
98836070;4103936125;4103936124;
98836070;4103936124;4103936123;
98836070;4103936123;1148143544;
98836070;1148143544;1148143303;
98836070;1148143303;4103936120;
98836070;4103936120;1148144066;
98836070;1148144066;1148143617;
98836070;1148143617;1148143358;
98836070;1148143358;1148143202;
98836070;1148143202;4103936119;
98836070;4103936119;1148228430;
98836070;1148228430;1148143817;
98836070;1148143817;4103936118;
98836070;4103936118;1148143505;
98836070;1148143505;1143318575;
98836070;1143318575;4103936117;
98836070;4103936117;1143316282;
98836070;1143316282;4103936116;
98836070;4103936116;1143317918;
98836070;1143317918;4103936115;
98836070;4103936115;1143318273;
98836070;1143318273;1143318444;
98836070;1143318444;4831300869;
98836070;4831300869;4103936114;
98836070;4103936114;4103936113;
98836070;4103936113;1143318774;
98836070;1143318774;1143317798;
98836070;1143317798;4103936112;
98836070;4103936112;4103936111;
98836070;4103936111;1143318152;
98836070;1143318152;4103936110;
98836070;4103936110;1143316743;
98836070;1143316743;1143317291;
98836070;1143317291;1143318609;
98836070;1143318609;4103936108;
98836070;4103936108;4103936106;
98836070;4103936106;4103936105;
98836070;4103936105;1143316354;
98836070;1143316354;4103936104;
98836070;4103936104;1143316316;
98836070;1143316316;1143316696;
98836070;1143316696;1143318290;
98836070;1143318290;1148143173;
98836070;1148143173;1143318592;
98836070;1143318592;1143317538;
98836070;1143317538;1143317935;
98836070;1143317935;1143316540;
98836070;1143316540;1143317017;
98836070;1143317017;1143317322;
98836070;1143317322;4103936091;
98836070;4103936091;1143317815;
98836070;1143317815;1163403648;
98836070;1163403648;1143316783;
98836070;1143316783;1163403454;
98836070;1163403454;1143318324;
98836070;1143318324;1143318626;
98836070;1143318626;4103936103;
98836070;4103936103;1148227886;
98836070;1148227886;1143317969;
98836070;1143317969;1143317952;
98836070;1143317952;4103936102;
98836070;4103936102;1143318307;
98836070;1143318307;4103936101;
98836070;4103936101;1143317049;
98836070;1143317049;1143317568;
98836070;1143317568;1143318810;
98836070;1143318810;4103936100;
98836070;4103936100;4103936099;
98836070;4103936099;4103936098;
98836070;4103936098;1143316557;
98836070;1143316557;1143317073;
98836070;1143317073;1164520544;
98836070;1164520544;1143318169;
98836070;1143318169;4103936097;
98836070;4103936097;1143318461;
98836070;1143318461;1143318643;
98836070;1143318643;4103936096;
98836070;4103936096;1143316429;
98836070;1143316429;1143317987;
98836070;1143317987;1143318341;
98836070;1143318341;4103936095;
98836070;4103936095;1143317105;
98836070;1143317105;4103936094;
98836070;4103936094;4103936093;
98836070;4103936093;1143317627;
98836070;1143317627;1143318845;
98836119;1147305063;1143316591;
99256756;1147305063;1148144212;
99256756;1148144212;4965877149;
99256756;4965877149;3175837334;
99256756;3175837334;1148143307;
99256756;1148143307;4831194155;
99256756;4831194155;1164520793;
99256756;1164520793;1145538908;
99272497;1148227963;1148228460;
99272497;1148228460;1148228585;
99272497;1148228585;1148228662;
99272497;1148228662;1148227906;
99272497;1148227906;1148228616;
99272497;1148228616;1163405131;
99272499;1148228616;1148228061;
99272500;1148227917;1148227889;
99272502;1148228255;1148227900;
99272502;1148227900;1148228247;
99272502;1148228247;1148228232;
99272503;1148228391;1148227820;
99272503;1148227820;1148228599;
99272503;1148228599;1148228053;
99272503;1148228053;1148227985;
99272503;1148227985;1148228333;
99272503;1148228333;1148228193;
99272503;1148228193;1148228538;
99272503;1148228538;1148228159;
99272503;1148228159;1148228506;
99272503;1148228506;1148228357;
99272503;1148228357;1148227740;
99272503;1148227740;1148228650;
99272503;1148228650;1148228106;
99272503;1148228106;1148227956;
99272503;1148227956;1148228298;
99272503;1148228298;1148228399;
99272503;1148228399;1148228260;
99272503;1148228260;1148228334;
99272503;1148228334;1148228612;
99272503;1148228612;1148228550;
99272503;1148228550;1148227999;
99272503;1148227999;1148228202;
99272503;1148228202;1148227848;
99272503;1148227848;1148228146;
99272503;1148228146;1148228495;
99272503;1148228495;1148228344;
99272503;1148228344;1148228696;
99272503;1148228696;1148228642;
99272503;1148228642;1143317105;
99272504;1148227782;1148228179;
99272505;1148228686;1148227866;
99272505;1148227866;1148228382;
99272505;1148228382;1148227790;
99272505;1148227790;1148228589;
99272506;1148228093;1148228362;
99272509;1148228428;1148228525;
99272509;1148228525;1148228380;
99272509;1148228380;1148227784;
99272509;1148227784;1148228462;
99272509;1148228462;1148228123;
99272509;1148228123;1148227971;
99272509;1148227971;1148228318;
99272509;1148228318;1148228263;
99272509;1148228263;1148228617;
99272509;1148228617;1148228163;
99272509;1148228163;1148228467;
99272509;1148228467;1148227918;
99272509;1148227918;1148227855;
99272509;1148227855;1148228208;
99272509;1148228208;1148228065;
99272511;1148143544;1148228102;
99272511;1148228102;1148228292;
99272512;1148228386;1148227814;
99272513;1143317017;1148228695;
99272519;1148227957;1148228472;
99272520;1147937164;4838477808;
99272520;4838477808;1148228231;
99272520;1148228231;1148228584;
99272520;1148228584;1148227757;
99272520;1148227757;1148228164;
99272520;1148228164;1148228020;
99272523;1148228361;1163403697;
99272523;1163403697;1148228158;
99272523;1148228158;3073450307;
99272523;3073450307;1148228071;
99272525;1148228082;1148228417;
99272525;1148228417;1148228025;
99272525;1148228025;1148228369;
99272525;1148228369;1148228224;
99272525;1148228224;1148228577;
99272526;1148228582;1148228030;
99272526;1148228030;1148227881;
99272526;1148227881;1148228228;
99272526;1148228228;1148228171;
99272526;1148228171;1148228520;
99272526;1148228520;1148228370;
99272526;1148228370;1148227771;
99272526;1148227771;1148228661;
99272526;1148228661;1148228117;
99272526;1148228117;1148227966;
99272526;1148227966;1148228310;
99272526;1148228310;1148228259;
99272526;1148228259;1148228611;
99272527;1148227896;1148228167;
99272527;1148228167;1148228369;
99272527;1148228369;1148228243;
99272528;1148228623;1148227991;
99272529;1148228656;1148228031;
99272529;1148228031;1148228371;
99272529;1148228371;1148228312;
99272529;1148228312;4838615901;
99272529;4838615901;4838615903;
99272529;4838615903;1148228219;
99272529;1148228219;1148228049;
99272529;1148228049;1148227899;
99272529;1148227899;1148228245;
99272529;1148228245;1148228376;
99272529;1148228376;4838615889;
99272529;4838615889;1148227780;
99272529;1148227780;1148228587;
99272529;1148228587;1148228036;
99272529;1148228036;1148227968;
99272529;1148227968;1148228315;
99272529;1148228315;1148228178;
99272529;1148228178;1148228523;
99272529;1148228523;1148228463;
99272529;1148228463;4838424851;
99272529;4838424851;1148227903;
99272532;1147937164;1148227867;
99272532;1148227867;1148228157;
99272532;1148228157;1148228011;
99272532;1148228011;1148228355;
99272532;1148228355;1148228297;
99272533;1148227904;1148227969;
99272533;1148227969;1148228680;
99272533;1148228680;1148228364;
99272534;1148227950;1148228560;
99272535;1148227979;1148227808;
99272535;1148227808;1163402264;
99272535;1163402264;1148228187;
99272535;1148228187;1148228132;
99272535;1148228132;1148228477;
99272535;1148228477;1148228325;
99272535;1148228325;1148228675;
99272535;1148228675;1148228625;
99272535;1148228625;1148228072;
99272535;1148228072;1163404787;
99272535;1163404787;1148227926;
99272535;1148227926;1148228271;
99272535;1148228271;1163403408;
99272535;1163403408;1148228566;
99272535;1148228566;1148228410;
99272535;1148228410;1148227869;
99272535;1148227869;1148227741;
99272535;1148227741;1148228160;
99272535;1148228160;1148228015;
99272535;1148228015;1148228359;
99272535;1148228359;1148228299;
99272535;1148228299;1163401067;
99272535;1163401067;1148228652;
99272535;1148228652;1148227794;
99272536;1148227751;1148228618;
99272536;1148228618;1148228431;
99272536;1148228431;1148228433;
99272536;1148228433;1148228286;
99272536;1148228286;1148228643;
99272536;1148228643;1148228592;
99272536;1148228592;1148228043;
99272536;1148228043;1163401687;
99272536;1163401687;1148227891;
99272536;1148227891;1148228238;
99272536;1148228238;1148228181;
99272536;1148228181;1148228527;
99272536;1148228527;1148228383;
99272536;1148228383;1148227794;
99272536;1148227794;1148228152;
99272536;1148228152;1148228668;
99272536;1148228668;1148228127;
99272536;1148228127;1148227975;
99272536;1148227975;1148228320;
99272536;1148228320;1148228361;
99272536;1148228361;1148228304;
99272536;1148228304;1148228655;
99272536;1148228655;1148228510;
99272536;1148228510;1148227960;
99272536;1148227960;1148227906;
99272536;1148227906;1148228249;
99272536;1148228249;1163401565;
99272536;1163401565;1148228111;
99272536;1148228111;1148228447;
99272536;1148228447;1148228391;
99272537;1148228158;1148228013;
99272537;1148228013;1148228356;
99272537;1148228356;1148228493;
99272537;1148228493;1148227828;
99272539;1148143789;1148228323;
99272539;1148228323;1148228671;
99272539;1148228671;1148228623;
99272539;1148228623;1148228070;
99272540;1148143358;1148227854;
99272540;1148227854;1163404321;
99272540;1163404321;1148228490;
99272540;1148228490;1148228343;
99272540;1148228343;1148228693;
99272540;1148228693;1148227782;
99272540;1148227782;1148228640;
99272540;1148228640;1148228092;
99272540;1148228092;1148228516;
99272540;1148228516;1148227940;
99272540;1148227940;1148228568;
99272540;1148228568;1148228509;
99272540;1148228509;1148227959;
99272540;1148227959;4105363321;
99272540;4105363321;1148227751;
99272542;1148228052;1148228121;
99272544;1148228516;1148228269;
99272544;1148228269;1148228621;
99272544;1148228621;1148228558;
99272544;1148228558;1148228008;
99272544;1148228008;1148227904;
99272544;1148227904;1148228332;
99272544;1148228332;1148228213;
99272544;1148228213;1148228155;
99272544;1148228155;1148228580;
99272544;1148228580;1148228504;
99272544;1148228504;1148228353;
99272544;1148228353;1148227739;
99272544;1148227739;1148228649;
99272545;1148228167;1148228114;
99272546;1148228695;1148228273;
99272546;1148228273;1148228627;
99272546;1148228627;1148228479;
99272546;1148228479;4831219428;
99272546;4831219428;1148228074;
99272546;1148228074;1148227929;
99272546;1148227929;1148227872;
99272546;1148227872;1148228220;
99272546;1148228220;1148228074;
99272547;1148227994;1163403295;
99272547;1163403295;1148228412;
99272547;1148228412;1148228360;
99272547;1148228360;1148227743;
99272547;1148227743;1148228567;
99272547;1148228567;1148228016;
99272547;1148228016;1148227957;
99272547;1148227957;1163400805;
99272547;1163400805;1163400992;
99272547;1163400992;1148228302;
99272547;1148228302;1163402829;
99272547;1163402829;1148228161;
99272547;1148228161;1148228507;
99272547;1148228507;1148228442;
99272547;1148228442;1148227901;
99272547;1148227901;1163401973;
99272547;1163401973;1148228107;
99272547;1148228107;1148228237;
99272547;1148228237;1148228591;
99272547;1148228591;1148228432;
99272548;1148228096;1148228430;
99272549;1148227751;1148228075;
99272549;1148228075;4105363320;
99272549;4105363320;4105363323;
99272549;4105363323;1148228413;
99272549;1148228413;1148228363;
99272549;1148228363;1148227756;
99272549;1148227756;1148228570;
99272549;1148228570;1148228018;
99272549;1148228018;1148227903;
99272550;1148228580;1148228028;
99272550;1148228028;1148227965;
99272550;1148227965;1148228308;
99272550;1148228308;1148227935;
99272552;1148228191;1148228048;
99272553;1143316591;1148227816;
99272554;1148228046;1148228348;
99272554;1148228348;1148228701;
99272554;1148228701;1148228554;
99272554;1148228554;1148228004;
99272554;1148228004;1148227948;
99272554;1148227948;1148228290;
99272554;1148228290;1148228150;
99272554;1148228150;1148228500;
99272554;1148228500;1148228439;
99272554;1148228439;1148227894;
99272554;1148227894;1163401442;
99272554;1163401442;1148228646;
99272554;1148228646;1148228101;
99272554;1148228101;1148228045;
99272554;1148228045;1148228116;
99272554;1148228116;1148228438;
99272554;1148228438;1148228595;
99272554;1148228595;1148228530;
99272554;1148228530;1148227976;
99272554;1148227976;1148227799;
99272554;1148227799;1148228184;
99272554;1148228184;4838615892;
99272554;4838615892;1148228131;
99272554;1148228131;1148228474;
99272554;1148228474;1148228626;
99272555;1148228628;1148228694;
99272555;1148228694;1148227984;
99272557;1148228334;1148228683;
99272557;1148228683;1148228635;
99272557;1148228635;1148228577;
99272558;1148228094;1148228309;
99272558;1148228309;1148228170;
99272558;1148228170;1148228191;
99272558;1148228191;1148228519;
99272558;1148228519;1148228459;
99272559;1148228168;1148227764;
99272559;1148227764;1148228659;
99272559;1148228659;1148228116;
99272560;1148228298;1148227936;
99272560;1148227936;1148228280;
99272560;1148228280;1148228225;
99272560;1148228225;1148228579;
99272561;1148228388;1148228059;
99272561;1148228059;1148228397;
99272561;1148228397;1148228258;
99272561;1148228258;1148228660;
99272562;1148228251;1148228602;
99272562;1148228602;1148228452;
99272562;1148228452;1148228589;
99272562;1148228589;1148228468;
99272562;1148228468;1148227919;
99272562;1148227919;1148228666;
99272562;1148228666;1148228124;
99272562;1148228124;1148228066;
99272562;1148228066;1148228403;
99272562;1148228403;1148228266;
99272562;1148228266;1148228619;
99272562;1148228619;1148228556;
99272562;1148228556;1148228006;
99272562;1148228006;1148227856;
99272562;1148227856;1148228210;
99272563;1163402449;1163401547;
99272563;1163401547;1163403234;
99272563;1163403234;1148228650;
99272565;1148228292;1148228494;
99272565;1148228494;1148227941;
99272565;1148227941;1148227888;
99272565;1148227888;1148228235;
99272565;1148228235;1148228095;
99272565;1148228095;1148228429;
99272565;1148228429;1148228381;
99272565;1148228381;1148227789;
99272565;1148227789;1148228588;
99272565;1148228588;1148228039;
99272565;1148228039;1148228549;
99272565;1148228549;1148227996;
99272565;1148227996;1148227836;
99272565;1148227836;1148143239;
99272566;1148227764;1148228418;
99272566;1148228418;1148227879;
99272566;1148227879;1163402159;
99272566;1163402159;1148228634;
99272566;1148228634;1148228083;
99272566;1148228083;1163401835;
99272566;1163401835;1148228026;
99272567;1148143711;3282820163;
99272567;3282820163;1148228394;
99272567;1148228394;1148228256;
99272567;1148228256;1148228607;
99272567;1148228607;1148228546;
99272567;1148228546;1148227994;
99272567;1148227994;1148227830;
99272567;1148227830;1148228199;
99272567;1148228199;1148228143;
99272567;1148228143;1148228488;
99272567;1148228488;1148228341;
99272567;1148228341;1148228690;
99272567;1148228690;1148227931;
99272567;1148227931;1148227857;
99272567;1148227857;1148228277;
99272567;1148228277;1148228138;
99272567;1148228138;1148228483;
99272567;1148228483;1163402617;
99272567;1163402617;1148228416;
99272567;1148228416;1163402522;
99272567;1163402522;1148227875;
99272567;1148227875;1148228632;
99272569;1148228030;1148227915;
99272569;1148227915;1148227839;
99272574;1148227985;1148228367;
99272574;1148228367;1163403528;
99272574;1163403528;1148228113;
99272576;1148228067;4838424845;
99272576;4838424845;1148228007;
99272576;1148228007;1148228352;
99272576;1148228352;1148228211;
99272576;1148228211;1163404697;
99272576;1163404697;1148228557;
99272576;1148228557;1148228502;
99272576;1148228502;1148227951;
99272576;1148227951;1148228080;
99272576;1148228080;1163400816;
99272576;1163400816;1148228668;
99272580;1148227850;1148228541;
99272580;1148228541;4831194156;
99272580;4831194156;1148227986;
99272585;1148228491;1148228537;
99272591;1148228152;1148228103;
99272591;1148228103;2085233082;
99272591;2085233082;1148228440;
99272591;1148228440;1148228293;
99272591;1148228293;1148228647;
99272591;1148228647;2085233083;
99272591;2085233083;2085233084;
99272591;2085233084;1148228640;
99272592;1148228601;1148228054;
99272592;1148228054;1148227907;
99272592;1148227907;1148228250;
99272592;1148228250;1148228194;
99272592;1148228194;1148228540;
99272593;1143317538;1148228673;
99272593;1148228673;4838424852;
99272593;4838424852;1148228624;
99272593;1148228624;1148228071;
99272595;1148228606;1148227897;
99272595;1148227897;1148228033;
99272595;1148228033;1163402640;
99272595;1163402640;1148228232;
99272596;1148228352;1148227943;
99272596;1148227943;1148227892;
99272596;1148227892;1148228240;
99272596;1148228240;1148228097;
99272596;1148228097;1148228434;
99272596;1148228434;1148228384;
99272596;1148228384;1163403517;
99272597;1148228020;1148228209;
99272597;1148228209;1148228151;
99272597;1148228151;1148228501;
99272597;1148228501;1148228351;
99272598;1148228036;4838615886;
99272598;4838615886;1148228257;
99272598;1148228257;1148228608;
99272598;1148228608;1148228456;
99272598;1148228456;1148227913;
99272598;1148227913;1148227833;
99272598;1148227833;1148228200;
99272598;1148228200;1148228058;
99272598;1148228058;4838615873;
99272598;4838615873;1148228395;
99272598;1148228395;1148228342;
99272598;1148228342;1148228692;
99272598;1148228692;1148228547;
99272598;1148228547;1148227995;
99272599;1148144212;4831194135;
99272599;4831194135;4831194140;
99272599;4831194140;4965877154;
99272599;4965877154;4965877153;
99272599;4965877153;1148228613;
99272600;1148228332;1148228195;
99272600;1148228195;1148228542;
99272600;1148228542;1148228392;
99272600;1148228392;1148227822;
99272600;1148227822;1148228685;
99272601;1148228613;1148227850;
99272601;1148227850;1163403510;
99272601;1163403510;1148228203;
99272601;1148228203;4965877151;
99272601;4965877151;4831194144;
99272601;4831194144;4965877150;
99272601;4965877150;1148228062;
99272601;1148228062;1143317627;
99272603;1148228398;1148227846;
99272603;1148227846;1148228080;
99272603;1148228080;1148227998;
99272604;1163400935;1163404630;
99272604;1163404630;1163402191;
99272604;1163402191;1163401265;
99272604;1163401265;1163403080;
99272604;1163403080;1163402519;
99272604;1163402519;1163403875;
99272604;1163403875;1163401445;
99272604;1163401445;1148228110;
99272605;1148228308;1148228518;
99272605;1148228518;1148228458;
99272605;1148228458;1148227914;
99272605;1148227914;1148228660;
99272606;1148228252;1148227797;
99272607;1163402326;1163403636;
99272607;1163403636;1163403151;
99272607;1163403151;1163404718;
99272607;1163404718;1148228632;
99272609;1148228010;1148228423;
99272609;1148228423;1148227995;
99272609;1148227995;1148228229;
99272609;1148228229;1148228283;
99272609;1148228283;1148227938;
99272609;1148227938;1148228087;
99272609;1148228087;1148228637;
99272609;1148228637;1148228687;
99272609;1148228687;1148228486;
99272609;1148228486;1148228140;
99272609;1148228140;1148228197;
99272609;1148228197;1148227826;
99272609;1148227826;1148227990;
99272609;1148227990;1148228545;
99272609;1148228545;4838615914;
99272609;4838615914;1148228605;
99272609;1148228605;1148228253;
99272609;1148228253;1148228393;
99272609;1148228393;1148228057;
99272609;1148228057;1148228112;
99272609;1148228112;1148228656;
99272610;1148228604;1148227950;
99272610;1148227950;1148228196;
99272612;1148228005;4831194182;
99272612;4831194182;1148228331;
99272612;1148228331;1148228679;
99272612;1148228679;1148228537;
99272612;1148228537;1148227984;
99272612;1148227984;1148227932;
99272612;1148227932;1148228362;
99272612;1148228362;1148228278;
99272613;1148227835;1148228135;
99272613;1148228135;1148227981;
99272613;1148227981;1148228327;
99272613;1148228327;1148228085;
99272613;1148228085;1148228422;
99272613;1148228422;1148228282;
99272613;1148228282;1148228648;
99272615;1145535981;1163402588;
99272615;1163402588;1148228313;
99272615;1148228313;1163401211;
99272615;1163401211;1148228176;
99272615;1148228176;1148228521;
99272615;1148228521;1163401518;
99272615;1163401518;1148228461;
99272615;1148228461;1163403621;
99272615;1163403621;1148227916;
99272615;1148227916;1148228664;
99272615;1148228664;1148228386;
99272615;1148228386;1148228119;
99272615;1148228119;1148228298;
100639084;1163401946;1163403200;
100639084;1163403200;1143318290;
100639085;1164332763;1163401519;
100639085;1163401519;1163403972;
100639086;1163402773;1163400810;
100639086;1163400810;1163401716;
100639086;1163401716;1163404137;
100639086;1163404137;1163404957;
100639086;1163404957;1163403301;
100639086;1163403301;1163403791;
100639086;1163403791;1163402568;
100639086;1163402568;1163402408;
100639086;1163402408;1163404787;
100639088;1163403775;1163403273;
100639088;1163403273;1163403097;
100639088;1163403097;1163402545;
100639088;1163402545;1148228579;
100639089;1148228070;4838477798;
100639089;4838477798;1163401600;
100639089;1163401600;1163401389;
100639089;1163401389;1163403822;
100639089;1163403822;1163404732;
100639089;1163404732;1163403165;
100639089;1163403165;1163403644;
100639089;1163403644;1163402333;
100639089;1163402333;1163402908;
100639089;1163402908;1163401071;
100639089;1163401071;1163402699;
100639090;1163403236;1163404442;
100639090;1163404442;1163403408;
100639095;1163405122;1163402366;
100639095;1163402366;1163404766;
100639095;1163404766;1163404627;
100639095;1163404627;1163401571;
100639095;1163401571;1163403071;
100639095;1163403071;1163403567;
100639095;1163403567;1163402167;
100639096;1163400912;1163404693;
100639096;1163404693;1163403131;
100639098;1163404697;1163403189;
100639099;1163403688;1163403248;
100639099;1163403248;1163401571;
100639100;1148228632;1148227812;
100639100;1148227812;1148228189;
100639102;1163404523;1163401609;
100639102;1163401609;1163402518;
100639102;1163402518;1163404859;
100639102;1163404859;1163401240;
100639102;1163401240;1163403744;
100639102;1163403744;1163403650;
100639102;1163403650;1163402336;
100639102;1163402336;1163402913;
100639102;1163402913;1163401090;
100639102;1163401090;1163401973;
100639104;1148228664;1163403866;
100639106;1148228650;1148228153;
100639106;1148228153;1148228104;
100639106;1148228104;1148228441;
100639106;1148228441;1148228294;
100639106;1148228294;1148228648;
100639106;1148228648;1148228598;
100639106;1148228598;1148228047;
100639106;1148228047;1148227898;
100639106;1148227898;1148228244;
100639106;1148228244;1148228190;
100639106;1148228190;1148228432;
100639126;1163403083;1163405071;
100639126;1163405071;1164332697;
100639126;1164332697;1163402926;
100639126;1163402926;1163401092;
100639126;1163401092;1163402009;
100639126;1163402009;1163402721;
100639126;1163402721;1163402521;
100639127;1163403692;913133219;
100639127;913133219;1163404463;
100639127;1163404463;1163403972;
100639127;1163403972;913133220;
100639127;913133220;1163404393;
100639130;1148228053;1163401316;
100639130;1163401316;1163403787;
100639130;1163403787;1163404672;
100639130;1163404672;1163403112;
100639130;1163403112;1163402979;
100639130;1163402979;1163401132;
100639131;1163402026;1163405098;
100639131;1163405098;1163400876;
100639131;1163400876;1163402797;
100639131;1163402797;1163402110;
100639131;1163402110;1163403523;
100639131;1163403523;1163403021;
100639131;1163403021;1163404557;
100639131;1163404557;1163404071;
100639133;1148228584;1163400972;
100639133;1163400972;1163403595;
100639133;1163403595;1163403488;
100639133;1163403488;1163402022;
100639133;1163402022;1163402744;
100639133;1163402744;1163400751;
100639133;1163400751;1163401674;
100639133;1163401674;1163404085;
100639133;1163404085;1163404916;
100639133;1163404916;1163403271;
100639133;1163403271;1163403184;
100639133;1163403184;1163401444;
100639137;1143317969;1163403742;
100639137;1163403742;1163402512;
100639137;1163402512;1163403065;
100639137;1163403065;1163401236;
100639137;1163401236;1163402161;
100639137;1163402161;1163404598;
100639137;1163404598;1163404388;
100639137;1163404388;1148228113;
100639138;1163404984;1163402206;
100639138;1163402206;1163402860;
100639138;1163402860;1163401769;
100639141;1163403580;1163404252;
100639141;1163404252;1163402848;
100639141;1163402848;1163402724;
100639141;1163402724;1163400709;
100639141;1163400709;1163401645;
100639141;1163401645;1163404059;
100639141;1163404059;1163404869;
100639142;1163401346;1163402844;
100639142;1163402844;1163403365;
100639142;1163403365;1163401845;
100639142;1163401845;1163402617;
100639144;1163402428;913133240;
100639144;913133240;1164320278;
100639144;1164320278;913133220;
100639144;913133220;1163401825;
100639144;1163401825;1163402600;
100639144;1163402600;1163405012;
100639144;1163405012;1163401414;
100639144;1163401414;1163403847;
100639144;1163403847;1163404751;
100639144;1163404751;1163405065;
100639144;1163405065;913133219;
100639144;913133219;1164332699;
100639144;1164332699;1164332710;
100639144;1164332710;1163403083;
100639144;1163403083;913133208;
100639144;913133208;1163403754;
100639144;1163403754;913133237;
100639149;1163402588;1163404987;
100639149;1163404987;1163401450;
100639149;1163401450;1163403900;
100639149;1163403900;1163404784;
100639149;1163404784;1163403195;
100639149;1163403195;1163403676;
100639149;1163403676;1163402374;
100639149;1163402374;1163402966;
100639149;1163402966;1163401118;
100639149;1163401118;1163400949;
100639149;1163400949;1163404987;
100639152;1163403273;1163401871;
100639152;1163401871;1163403388;
100639152;1163403388;1163402866;
100639152;1163402866;1163404263;
100639152;1163404263;1163403605;
100639152;1163403605;1163400976;
100639152;1163400976;1163404660;
100639152;1163404660;1163402220;
100639152;1163402220;1163401200;
100639152;1163401200;1163403026;
100639152;1163403026;1163402465;
100639152;1163402465;1163403716;
100639152;1163403716;1163403238;
100639152;1163403238;1163404835;
100639152;1163404835;1163403997;
100639152;1163403997;1163401551;
100639152;1163401551;1163401777;
100639152;1163401777;1163403337;
100639152;1163403337;1163402808;
100639152;1163402808;1163403279;
100639153;913133233;913133242;
100639153;913133242;913133258;
100639154;1148228179;4838477793;
100639154;4838477793;1163402699;
100639154;1163402699;4838477791;
100639156;1148228070;1163401956;
100639156;1163401956;1163404373;
100639156;1163404373;1163400653;
100639156;1163400653;1163403453;
100639156;1163403453;1163404007;
100639157;1163404852;1148227791;
100639161;1163402584;1163403127;
100639164;1163404548;1163403755;
100639164;1163403755;1163402522;
100639166;1163404289;1163402816;
100639166;1163402816;1163404927;
100639166;1163404927;1148228643;
100639170;1148228052;1163404109;
100639170;1163404109;1163402770;
100639170;1163402770;1163402641;
100639170;1163402641;1163405061;
100639170;1163405061;1163401476;
100639170;1163401476;1163403929;
100639172;1148228472;1163403634;
100639172;1163403634;1163404361;
100639172;1163404361;1163402896;
100639172;1163402896;1163403206;
100639172;1163403206;1163403686;
100639172;1163403686;1163402404;
100639172;1163402404;1163402222;
100639172;1163402222;1163404663;
100639172;1163404663;1163400978;
100639172;1163400978;1163403606;
100639172;1163403606;1163404267;
100639176;1148228138;1163401562;
100639176;1163401562;1163401377;
100639176;1163401377;1163403813;
100639176;1163403813;1163404716;
100639176;1163404716;1163403149;
100639176;1163403149;1163403632;
100639176;1163403632;1163402321;
100639176;1163402321;1163402893;
100639177;913133258;913133227;
100639177;913133227;913133246;
100639177;913133246;1163403692;
100639183;1148228304;1163404795;
100639183;1163404795;1163401166;
100639183;1163401166;1163403697;
100639186;1163402556;1163404769;
100639188;1163404950;1163404228;
100639188;1163404228;1163402832;
100639188;1163402832;1163403348;
100639188;1163403348;1163401820;
100639188;1163401820;1163401565;
100639198;1163401067;1163402905;
100639198;1163402905;1163403642;
100639198;1163403642;1163404370;
100639201;1148228675;1163402791;
100639201;1163402791;1163403316;
100639201;1163403316;1163403580;
100639201;1163403580;1163401727;
100639205;1163402334;1163404741;
100639205;1163404741;1163401075;
100639205;1163401075;1163403648;
100639206;1163401067;1163401785;
100639206;1163401785;1163404199;
100639206;1163404199;1163404997;
100639208;1163403621;1163402257;
100639211;1163402041;1163402748;
100639211;1163402748;1163400766;
100639211;1163400766;1163401932;
100639211;1163401932;1163404095;
100639211;1163404095;1163403882;
100639211;1163403882;1163401446;
100639211;1163401446;1163402621;
100639211;1163402621;1163403189;
100639214;1163403353;1163404393;
100639214;1163404393;913133263;
100639214;913133263;913133211;
100639218;1163403363;1163402612;
100639218;1163402612;1163403624;
100639220;1163401518;1163404830;
100639220;1163404830;1163404692;
100639220;1163404692;1163402443;
100639222;1148228391;1163404763;
100639222;1163404763;1163403610;
100639222;1163403610;1163402230;
100639222;1163402230;1163402875;
100639222;1163402875;1163401006;
100639222;1163401006;1163401894;
100639222;1163401894;1163404298;
100639222;1163404298;1163405069;
100639222;1163405069;1163403406;
100639222;1163403406;1163403296;
100639222;1163403296;1163401699;
100639227;3073450307;1163402919;
100639227;1163402919;1148227942;
100639228;1163403279;1163404560;
100639228;1163404560;1163400877;
100639228;1163400877;1163403528;
100639229;1148228271;1163405073;
100639229;1163405073;1163401508;
100639229;1163401508;1163403946;
100639229;1163403946;1163404799;
100639229;1163404799;1163403217;
100639229;1163403217;1163403118;
100639229;1163403118;1163402773;
100639229;1163402773;1163401331;
100639229;1163401331;1163402232;
100639229;1163402232;1163404674;
100639230;1148227998;1163402807;
100639230;1163402807;1163403334;
100639238;1163401825;1163403353;
100639238;1163403353;1163404738;
100639238;1163404738;1163403494;
100639240;1163402264;1163402886;
100639240;1163402886;1163402167;
100639240;1163402167;1163404157;
100639240;1163404157;1163402614;
100639240;1163402614;1163403188;
100639243;1163401774;1163400760;
100639243;1163400760;1163404091;
100639243;1163404091;1163402747;
100639243;1163402747;1163403277;
100639243;1163403277;1163401683;
100639243;1163401683;1163402556;
100639244;1163403454;1163401969;
100639244;1163401969;1163402704;
100639244;1163402704;1163400660;
100639244;1163400660;1163401604;
100639244;1163401604;1148228305;
100639246;1163401211;1163403734;
100639246;1163403734;1163404588;
100639256;1148228018;1163403573;
100639256;1163403573;1163403475;
100639256;1163403475;1163402004;
100639256;1163402004;1163402717;
100639256;1163402717;2085233065;
100639256;2085233065;1163400702;
100639256;1163400702;1163401633;
100639256;1163401633;1163404051;
100639256;1163404051;1148228649;
100639262;1148228020;1148228364;
100639262;1148228364;1148228685;
100639263;1163403517;1163400849;
100639263;1163400849;1163402790;
100639263;1163402790;1163401724;
100639263;1163401724;1163404157;
100639264;1163404071;1163404256;
100639264;1163404256;1163401869;
100639264;1163401869;1163404984;
100639268;1163401964;1163401793;
100639268;1163401793;1163404222;
100639268;1163404222;1163405007;
100639268;1163405007;1163403346;
100639268;1163403346;1163403833;
100639268;1163403833;1163402597;
100639268;1163402597;1163403171;
100639268;1163403171;1163401406;
100639268;1163401406;1163403724;
100639269;1163404945;1163403295;
100639272;1163403231;1148228634;
100639273;1163402556;1163404924;
100639276;1163401600;1163401587;
100639276;1163401587;1163402494;
100639276;1163402494;1163401956;
100639283;1163403611;1163403178;
100639283;1163403178;1163401418;
100639284;1148228033;1163403385;
100639284;1163403385;1163401870;
100639284;1163401870;1163402640;
100639285;1163402016;1163403231;
100639285;1163403231;1163403712;
100639285;1163403712;1163402446;
100639285;1163402446;1163403358;
100639285;1163403358;1163401835;
100639288;1148227912;1163404794;
100639288;1163404794;1163403211;
100639288;1163403211;1163403692;
100639288;1163403692;1163401714;
100639288;1163401714;1163404135;
100639288;1163404135;1163404953;
100639288;1163404953;1163401964;
100639288;1163401964;1163403298;
100639297;1163402566;1163402976;
100639297;1163402976;1163403549;
100639297;1163403549;1163402138;
100639297;1163402138;1163401944;
100639297;1163401944;1163404359;
100639298;1148228488;1163402072;
100639302;1148228458;1163402163;
100639302;1163402163;1163402515;
100639305;1148228447;1163401230;
100639305;1163401230;1163404454;
100639305;1163404454;1163402944;
100639305;1163402944;1163403490;
100639305;1163403490;1163402041;
100639306;1148228238;1163402871;
100639306;1163402871;1163400983;
100639307;1163402829;1163400904;
100639307;1163400904;1163401809;
100639309;1163400805;1163403504;
100639312;1148228110;1148227758;
100639312;1148227758;1148228431;
100639313;1148227740;1163401196;
100639313;1163401196;1163403714;
100639313;1163403714;1163403624;
100639316;1163403671;1163405135;
100639316;1163405135;1163403431;
100639320;1163404850;1163402091;
100639320;1163402091;1163404496;
100639320;1163404496;1163400807;
100639320;1163400807;1148228052;
100639322;1148228302;4838424842;
100639322;4838424842;1163403471;
100639323;1163401493;1163400705;
100639341;1148228015;1163402647;
100639341;1163402647;1163403207;
100639341;1163403207;1163401774;
100639343;1163401915;1163403181;
100639343;1163403181;1163402224;
100639343;1163402224;1163404669;
100639343;1163404669;1163400987;
100639343;1163400987;1163403609;
100639343;1163403609;1163404295;
100639343;1163404295;1163404945;
100639343;1163404945;1163402872;
100639343;1163402872;1163403404;
100639343;1163403404;1163401878;
100639343;1163401878;1163401695;
100639343;1163401695;1163404103;
100639347;4838424839;1163405116;
100639347;1163405116;1163403624;
100639348;4838424852;1163403293;
100639348;1163403293;1163403785;
100639351;1163403161;1163404289;
100639351;1163404289;1163404097;
100639351;1163404097;1163402755;
100639351;1163402755;1163403286;
100639351;1163403286;1163401687;
100639353;1163402488;1163405056;
100639353;1163405056;1163403376;
100639353;1163403376;1163403905;
100639353;1163403905;1163402632;
100639356;1148228579;1148228419;
100639357;1163403445;1163402976;
100639359;1163404463;1163400774;
100639362;1163403334;1163401774;
100639363;1163400972;1163403428;
100639363;1163403428;1163403184;
100639367;1163400643;1163401597;
100639367;1163401597;1163404002;
100639367;1163404002;1163404853;
100639367;1163404853;1163403250;
100719097;1163405071;1163404055;
100719097;1163404055;1163401271;
100748346;1164520544;1164520640;
100748346;1164520640;1164520364;
100748346;1164520364;1164520460;
100748346;1164520460;1164520314;
198387475;1148143248;2085233085;
198387475;2085233085;2085233086;
198387475;2085233086;2085233088;
198387475;2085233088;2085233089;
198387475;2085233089;2085233093;
198387475;2085233093;2085233094;
198387475;2085233094;2085233095;
198387475;2085233095;2085233100;
198387475;2085233100;2085233101;
198387475;2085233101;2085233099;
198387475;2085233099;2085233098;
198387475;2085233098;2085233092;
198387475;2085233092;2085233090;
198387475;2085233090;2085233091;
198387475;2085233091;2085233096;
198387475;2085233096;2085233097;
198387475;2085233097;2085233087;
198387477;2085233065;2085233064;
198387477;2085233064;2085233063;
198387477;2085233063;2085233062;
198387478;2085233082;2085233072;
198387478;2085233072;2085233071;
198387478;2085233071;2085233070;
198387478;2085233070;2085233073;
198387479;2085233084;2085233080;
198387479;2085233080;2085233079;
198387479;2085233079;2085233078;
198387479;2085233078;2085233081;
198387482;2085233066;2085233067;
198387482;2085233067;2085233068;
198387482;2085233068;2085233069;
198387482;2085233069;2085233074;
198387482;2085233074;2085233075;
198387482;2085233075;2085233076;
198387482;2085233076;2085233077;
198387482;2085233077;1148228516;
256633171;1164520460;2622781618;
256633171;2622781618;2622781621;
256633171;2622781621;2622781624;
256633171;2622781624;2622781626;
256633171;2622781626;2622781629;
256633171;2622781629;2622781632;
258383190;2637477056;2637477069;
258383191;2637477065;2700448493;
258383191;2700448493;3400529760;
258383191;3400529760;3400529761;
258383191;3400529761;2637477066;
258383191;2637477066;2637477067;
258383192;2637477069;2637477070;
258383193;2637477069;2637477058;
258383193;2637477058;4537061599;
258383193;4537061599;2637477060;
258383193;2637477060;2637477067;
258383193;2637477067;2637477062;
258383193;2637477062;4537061598;
258383193;4537061598;2637477064;
258582510;1148143630;1148144092;
258582510;1148144092;1148143321;
258582510;1148143321;1148143568;
258582510;1148143568;1148143938;
371664146;1143316983;1143318765;
371664146;1143318765;1148228121;
371664146;1148228121;1143318435;
371664146;1143318435;4103936109;
371664146;4103936109;4103936107;
371664146;4103936107;1143318609;
408358956;1143318845;4965877152;
408358956;4965877152;1148228613;
408358957;1143318845;1148227878;
408358957;1148227878;1148143938;
408471586;1148143938;1148228417;
408471587;4103936091;4103936092;
457587418;1147936559;4537061601;
457587418;4537061601;4537061602;
457587418;4537061602;4537061603;
457587418;4537061603;4537061604;
457587418;4537061604;4537061605;
457587418;4537061605;4537061606;
457587418;4537061606;4537061607;
457587418;4537061607;4537061614;
457587418;4537061614;4537061608;
457587418;4537061608;4537061609;
457587418;4537061609;4537061610;
457587418;4537061610;4537061611;
457587418;4537061611;4537061612;
457587418;4537061612;4537061613;
457587418;4537061613;1148228584;
490662615;1148228465;1148227917;
490662615;1148227917;1148228096;
490662615;1148228096;1148227854;
490662616;1148228465;1148227942;
490662617;1148228061;1148228398;
490662617;1148228398;1148228320;
490662617;1148228320;1148228465;
490662618;1148228061;1148228192;
490662618;1148228192;1148228536;
490662618;1148228536;1148228482;
490662618;1148228482;1148227846;
490662618;1148227846;1148228127;
490662618;1148228127;1148228631;
490662618;1148228631;1148228574;
490662618;1148228574;1148228022;
490662618;1148228022;1148228465;
490955084;4831194135;4831194136;
490955084;4831194136;4965877137;
490955084;4965877137;4965877139;
490955084;4965877139;4831194141;
490955084;4831194141;4965877140;
490955084;4965877140;4965877138;
490955084;4965877138;4831194137;
490955084;4831194137;4831194138;
490955084;4831194138;4831194139;
490955085;4831194140;4831194141;
490955085;4831194141;4831194142;
490955085;4831194142;4831194143;
490955086;1148228203;4831194145;
490955086;4831194145;4831194152;
490955086;4831194152;4831194151;
490955086;4831194151;4831194146;
490955086;4831194146;4965877136;
490955086;4965877136;4831194147;
490955086;4831194147;4831194174;
490955087;4831194152;4831194153;
490955087;4831194153;4831194177;
490955087;4831194177;4831194154;
490955097;1148228094;1148228601;
490955097;1148228601;1148228428;
490955097;1148228428;1148228285;
490955097;1148228285;1148228641;
490955097;1148228641;1148228278;
490955098;1148228278;1148228038;
490955098;1148228038;1148227886;
490957314;1148228695;1148228145;
490957314;1148228145;1163402334;
490957314;1163402334;1148228094;
490967814;4103936125;4831300854;
490967814;4831300854;4831300855;
490967814;4831300855;4831300856;
490967814;4831300856;4831300857;
490967814;4831300857;4831300858;
490967814;4831300858;4831300859;
490967814;4831300859;4831300860;
490967814;4831300860;4831300861;
490967814;4831300861;1148143635;
490967815;1148143853;1148143216;
490967815;1148143216;1148143389;
490967815;1148143389;1148143635;
490967819;4831300869;4831300870;
490967819;4831300870;4831300871;
490967819;4831300871;4831300872;
490967820;4103936110;4831300873;
490967820;4831300873;4831300874;
491755663;1163404267;1163402868;
491755663;1163402868;1163403399;
491755663;1163403399;1163401873;
491755663;1163401873;1163401678;
491755663;1163401678;1163404086;
491755663;1163404086;1163404919;
491755663;1163404919;1163403275;
491755663;1163403275;1163403777;
491755663;1163403777;1163402547;
491755663;1163402547;1163403099;
491755663;1163403099;1163401299;
491755663;1163401299;1163401101;
491755663;1163401101;1163403663;
491755663;1163403663;1163404434;
491755663;1163404434;1163402936;
491755663;1163402936;1163403489;
491755663;1163403489;1163402026;
491755663;1163402026;1163402746;
491755663;1163402746;1163400755;
491755663;1163400755;1163401769;
491755663;1163401769;1148228313;
491755667;1148228432;1148228067;
491755667;1148228067;1148227890;
491755667;1148227890;1148227791;
491755667;1148227791;1148228180;
491755667;1148228180;1148228040;
491755667;1148228040;1148227797;
491755667;1148227797;1148228319;
491755667;1148228319;1148228667;
491755667;1148228667;1148228526;
491755667;1148228526;1148227974;
491755667;1148227974;1148227920;
491755667;1148227920;1148227979;
491755667;1148227979;1148228125;
491755667;1148228125;1163403131;
491755667;1163403131;1163403431;
491755667;1163403431;1148227857;
491755668;1148228412;4838424843;
491755668;4838424843;4838424844;
491755670;4838424845;4838424846;
491755670;4838424846;4838424847;
491755670;4838424847;4838424848;
491755672;1163403517;4838424849;
491755672;4838424849;1163403005;
491755672;1163403005;1148228593;
491755672;1148228593;1148228044;
491755672;1148228044;1148228187;
491755674;4838424849;4838424850;
491755675;1148228632;1163400643;
491755675;1163400643;1148228081;
491755677;1148228081;1148228023;
491755677;1148228023;1148228365;
491755677;1148228365;1148228222;
491755677;1148228222;1148228573;
491755677;1148228573;1148228512;
491755677;1148228512;1148227962;
491755677;1148227962;1148227758;
491755678;1148227903;1148228248;
491755678;1148228248;1148228110;
491755678;1148228110;1148228445;
491755678;1148228445;1148228390;
491755678;1148228390;1148227818;
491755678;1148227818;1148227762;
491755678;1148227762;1148228578;
491755678;1148228578;1148228027;
491755678;1148228027;1148228189;
491755680;1148228113;1163401699;
491755680;1163401699;1148227963;
491755682;1148227963;1148228305;
491755683;1148228305;1148228255;
491755683;1148228255;1148228606;
491755683;1148228606;4103936092;
491755683;4103936092;1148228454;
491755683;1148228454;1148227911;
491755683;1148227911;1148227828;
491755683;1148227828;1148228198;
491755683;1148228198;1148228673;
491755685;1148228232;1148228175;
491755685;1148228175;1148228510;
491755685;1148228510;1148228061;
491755688;1148228232;1148228585;
491755690;1148228071;1148227924;
491755690;1148227924;1148228270;
491755690;1148228270;1163402632;
491755690;1163402632;1148228564;
491755690;1148228564;1148228409;
491755690;1148228409;1143318575;
491761033;1148228685;1148227935;
491761033;1148227935;1163402515;
491761033;1163402515;1163401490;
491761033;1163401490;1148144142;
491761034;1148228179;1148228037;
491761034;1148228037;1148228377;
491761034;1148228377;1148228316;
491761034;1148228316;4537061600;
491761034;4537061600;1148228680;
491761035;4838477791;4838477794;
491761035;4838477794;4838477797;
491761035;4838477797;1163404321;
491761045;4838477808;4838477810;
491761045;4838477810;4838477812;
491761045;4838477812;4838477809;
491761052;1163403481;4838477816;
491761052;4838477816;1148143662;
491777271;4838615873;4838615874;
491777273;1148228608;4838615884;
491777273;4838615884;4838615885;
491777274;4838615886;4838615887;
491777274;4838615887;4838615888;
491777274;4838615888;4838615889;
491777276;1148228189;1148228676;
491777276;1148228676;1148228251;
491777276;1148228251;1148228133;
491777276;1148228133;1148227980;
491777276;1148227980;1148228326;
491777276;1148228326;1148228272;
491777276;1148228272;4838615899;
491777276;4838615899;1148228626;
491777279;1148228189;1148228306;
491777279;1148228306;1148228604;
491777279;1148228604;1163402893;
491777279;1163402893;1148228168;
491777279;1148228168;1148228517;
491777279;1148228517;1148228455;
491777279;1148228455;1148227912;
491777279;1148227912;1148228658;
491777279;1148228658;1163402584;
491777279;1163402584;1163404359;
491777279;1163404359;1148228115;
491777279;1148228115;1145535973;
491777282;1148228452;4838615890;
491777282;4838615890;4838615893;
491777282;4838615893;4838615891;
491777282;4838615891;4838615892;
491777283;1148228196;1148228056;
491777283;1148228056;1148227989;
491777283;1148227989;1148228336;
491777283;1148228336;1148228196;
491777287;4838615899;4838615900;
491777288;1148228626;1148228478;
491777288;1148228478;1148227928;
491777288;1148227928;1148227871;
491777288;1148227871;1148228219;
491777289;4838615901;4838615902;
491777290;4838615903;4838615904;
491777290;4838615904;4838615905;
491777290;4838615905;4838615906;
491777290;4838615906;4838615907;
491777290;4838615907;4838615908;
491777290;4838615908;4838615909;
491777290;4838615909;4838615910;
491777290;4838615910;4838615911;
491777290;4838615911;4838615912;
491777290;4838615912;4838615913;
491777290;4838615913;4838615914;
491777291;4838615907;4838615915;
491777291;4838615915;4838615916;
491777291;4838615916;4838615917;
491777293;4838615918;4838615919;
491777293;4838615919;4838616625;
491777293;4838616625;4838615920;
491777293;4838615920;4838616621;
491777293;4838616621;4838616622;
491786095;1263990253;1263990471;
491786095;1263990471;1145535942;
491786095;1145535942;1148144234;
491786095;1148144234;1263990721;
491786095;1263990721;1145535945;
491786095;1145535945;1148144117;
491786095;1148144117;1263990861;
491786095;1263990861;1148143411;
491786095;1148143411;1145535950;
491786095;1145535950;1148227997;
491786095;1148227997;1263991017;
491786095;1263991017;1148143667;
491786095;1148143667;1145535953;
491786095;1145535953;1148143466;
491786095;1148143466;1263990485;
491786095;1263990485;1148144154;
491786095;1148144154;1148143857;
491786095;1148143857;1263990258;
491786095;1263990258;1148143225;
491786095;1148143225;1145535958;
491786095;1145535958;1148143903;
491786095;1148143903;1148143548;
491786095;1148143548;1263990274;
491786095;1263990274;1148143474;
491786095;1148143474;1148143767;
491786095;1148143767;1148143241;
491786095;1148143241;1148144271;
491786095;1148144271;1145535961;
491786095;1145535961;1263990295;
491786095;1263990295;1148143414;
491786095;1148143414;1145535965;
491786095;1145535965;1148143274;
491786095;1148143274;1148143829;
491786095;1148143829;1164520483;
491786095;1164520483;1148143515;
491786095;1148143515;1148143584;
491786095;1148143584;1164520896;
491786095;1164520896;1148143687;
491786095;1148143687;1164520731;
491786095;1164520731;1145535973;
491786095;1145535973;1145535977;
491786095;1145535977;1148143436;
491786095;1148143436;1164520718;
491786095;1164520718;1148143711;
491786095;1148143711;1164520697;
491786095;1164520697;1148144189;
491786095;1148144189;1164520647;
491786095;1164520647;1145535979;
491786095;1145535979;1164520525;
491786095;1164520525;1148143311;
491786095;1148143311;1164520562;
491786095;1164520562;1148228582;
491786095;1148228582;1148144084;
491786095;1148144084;1148143546;
491786095;1148143546;1164520469;
491786095;1164520469;1148143900;
491786095;1148143900;1145535981;
491786095;1145535981;1164520577;
491786095;1164520577;1148143487;
491786095;1148143487;1164520553;
491786095;1164520553;1148143248;
491786095;1148143248;1164520682;
491786095;1164520682;2214680631;
491786095;2214680631;1164520393;
491786095;1164520393;1145535986;
491786095;1145535986;1148143385;
491786095;1148143385;1148143630;
506982130;1148143938;1148228612;
548195699;5296143932;1148143475;
548195699;1148143475;1148143769;
548195699;1148143769;5296143933;
548195699;5296143933;5296143934;
548195699;5296143934;1148143407;
548195699;1148143407;1148143662;
548195699;1148143662;1148144142;
548195699;1148144142;1148228561;
548195699;1148228561;1148228010;
548195699;1148228010;1148227954;
548195699;1148227954;1148228296;
548195699;1148228296;1148228156;
548195699;1148228156;1148228388;
548195699;1148228388;1148227882;
548195699;1148227882;1148227772;
548195699;1148227772;1148228172;
548195699;1148228172;1148228649;
548195699;1148228649;1148228105;
548195699;1148228105;1148228050;
548195699;1148228050;4105363322;
548195699;4105363322;1148227751;
548405273;1143318845;1143316591;
