913133206;41.12085;-8.661619;-0.1511738;0.7176942
913133208;41.12016;-8.660789;-0.1511593;0.7176822
913133211;41.11963;-8.660098;-0.1511472;0.7176729
913133215;41.12124;-8.66176;-0.1511762;0.7177011
913133219;41.12096;-8.661029;-0.1511635;0.7176961
913133220;41.12096;-8.66064;-0.1511567;0.7176961
913133227;41.12102;-8.661263;-0.1511676;0.7176972
913133233;41.12165;-8.661496;-0.1511716;0.7177082
913133237;41.11957;-8.660586;-0.1511557;0.7176719
913133238;41.12127;-8.661575;-0.151173;0.7177016
913133240;41.12013;-8.660421;-0.1511529;0.7176816
913133242;41.1213;-8.661389;-0.1511698;0.7177021
913133246;41.12102;-8.661231;-0.151167;0.7176971
913133253;41.12091;-8.661442;-0.1511707;0.7176953
913133258;41.12103;-8.661305;-0.1511683;0.7176974
913133263;41.12011;-8.660191;-0.1511488;0.7176813
1143316151;41.13524;-8.663152;-0.1512005;0.7179454
1143316282;41.13088;-8.651629;-0.1509994;0.7178693
1143316316;41.13245;-8.653003;-0.1510234;0.7178967
1143316354;41.13259;-8.652826;-0.1510203;0.7178991
1143316429;41.13177;-8.664453;-0.1512232;0.7178848
1143316454;41.13615;-8.660403;-0.1511526;0.7179613
1143316540;41.13212;-8.65559;-0.1510685;0.7178909
1143316557;41.13197;-8.662177;-0.1511835;0.7178883
1143316591;41.13095;-8.668276;-0.15129;0.7178705
1143316606;41.13433;-8.66328;-0.1512028;0.7179295
1143316696;41.13233;-8.653121;-0.1510255;0.7178946
1143316743;41.13235;-8.652161;-0.1510087;0.7178949
1143316783;41.13192;-8.657696;-0.1511053;0.7178873
1143316819;41.1333;-8.662787;-0.1511942;0.7179115
1143316983;41.13385;-8.652669;-0.1510176;0.7179211
1143317017;41.13216;-8.655743;-0.1510712;0.7178916
1143317049;41.13177;-8.660755;-0.1511587;0.7178848
1143317073;41.13191;-8.662668;-0.1511921;0.7178872
1143317105;41.13145;-8.665657;-0.1512443;0.7178792
1143317134;41.13457;-8.663308;-0.1512032;0.7179337
1143317291;41.13255;-8.652451;-0.1510137;0.7178984
1143317322;41.13215;-8.655895;-0.1510739;0.7178914
1143317385;41.13579;-8.661442;-0.1511707;0.7179549
1143317538;41.13198;-8.654076;-0.1510421;0.7178885
1143317568;41.13186;-8.661188;-0.1511662;0.7178863
1143317627;41.13148;-8.666075;-0.1512515;0.7178798
1143317656;41.13351;-8.662894;-0.151196;0.7179152
1143317798;41.13194;-8.652084;-0.1510074;0.7178878
1143317815;41.13203;-8.656729;-0.1510884;0.7178894
1143317849;41.13588;-8.660987;-0.1511627;0.7179565
1143317864;41.13551;-8.662903;-0.1511962;0.71795
1143317918;41.13118;-8.651675;-0.1510002;0.7178746
1143317935;41.13199;-8.654661;-0.1510523;0.7178887
1143317952;41.13172;-8.659935;-0.1511444;0.7178839
1143317969;41.13177;-8.659582;-0.1511382;0.7178849
1143317987;41.13173;-8.66462;-0.1512261;0.7178841
1143318009;41.13394;-8.663161;-0.1512007;0.7179227
1143318152;41.13222;-8.652081;-0.1510073;0.7178927
1143318169;41.13179;-8.663376;-0.1512044;0.7178851
1143318219;41.13571;-8.662509;-0.1511893;0.7179536
1143318273;41.13131;-8.65175;-0.1510015;0.7178767
1143318290;41.1322;-8.653278;-0.1510282;0.7178923
1143318307;41.1317;-8.660288;-0.1511505;0.7178836
1143318324;41.1319;-8.658437;-0.1511182;0.7178872
1143318341;41.13145;-8.665529;-0.151242;0.7178793
1143318435;41.13317;-8.652555;-0.1510156;0.7179092
1143318444;41.13144;-8.651878;-0.1510038;0.717879
1143318461;41.13177;-8.663563;-0.1512077;0.7178848
1143318495;41.13577;-8.662106;-0.1511823;0.7179547
1143318510;41.1349;-8.663279;-0.1512027;0.7179395
1143318575;41.13075;-8.651587;-0.1509987;0.7178671
1143318592;41.13203;-8.653854;-0.1510382;0.7178894
1143318609;41.13261;-8.652541;-0.1510153;0.7178995
1143318626;41.13189;-8.659019;-0.1511284;0.7178868
1143318643;41.13179;-8.66413;-0.1512176;0.7178851
1143318660;41.13621;-8.660307;-0.1511509;0.7179623
1143318765;41.13364;-8.652613;-0.1510166;0.7179175
1143318774;41.13164;-8.652029;-0.1510064;0.7178826
1143318810;41.13194;-8.661599;-0.1511734;0.7178878
1143318845;41.13115;-8.667448;-0.1512755;0.717874
1145535942;41.11021;-8.661837;-0.1511776;0.7175084
1145535945;41.11132;-8.662106;-0.1511823;0.717528
1145535950;41.11254;-8.662298;-0.1511856;0.7175491
1145535953;41.11425;-8.662393;-0.1511873;0.717579
1145535958;41.11698;-8.662265;-0.151185;0.7176267
1145535961;41.1185;-8.662762;-0.1511937;0.7176532
1145535965;41.119;-8.663187;-0.1512011;0.7176619
1145535973;41.12101;-8.665015;-0.151233;0.717697
1145535977;41.12164;-8.665605;-0.1512433;0.717708
1145535979;41.12321;-8.666424;-0.1512576;0.7177354
1145535981;41.12631;-8.666584;-0.1512604;0.7177895
1145535986;41.12907;-8.667715;-0.1512802;0.7178378
1145538908;41.13482;-8.670034;-0.1513207;0.7179379
1147305063;41.13075;-8.66923;-0.1513066;0.7178671
1147936559;41.12646;-8.644408;-0.1508734;0.7177922
1147937164;41.12838;-8.646557;-0.1509109;0.7178256
1148143173;41.1321;-8.653526;-0.1510325;0.7178906
1148143202;41.13038;-8.651041;-0.1509891;0.7178606
1148143216;41.13322;-8.648439;-0.1509437;0.7179102
1148143225;41.11652;-8.662285;-0.1511854;0.7176186
1148143239;41.13083;-8.648363;-0.1509424;0.7178684
1148143241;41.11797;-8.662474;-0.1511887;0.717644
1148143248;41.12767;-8.667169;-0.1512706;0.7178133
1148143274;41.11922;-8.663399;-0.1512048;0.7176658
1148143303;41.13059;-8.650434;-0.1509786;0.7178643
1148143307;41.13329;-8.669813;-0.1513168;0.7179114
1148143311;41.12434;-8.66657;-0.1512602;0.7177551
1148143321;41.12934;-8.667679;-0.1512795;0.7178425
1148143358;41.13041;-8.650922;-0.1509871;0.717861
1148143385;41.12922;-8.667767;-0.1512811;0.7178403
1148143389;41.13306;-8.648436;-0.1509437;0.7179072
1148143407;41.12362;-8.647423;-0.150926;0.7177426
1148143411;41.11233;-8.662277;-0.1511853;0.7175454
1148143414;41.11874;-8.662957;-0.1511971;0.7176574
1148143436;41.12196;-8.6659;-0.1512485;0.7177137
1148143466;41.11467;-8.66241;-0.1511876;0.7175863
1148143473;41.13088;-8.647989;-0.1509359;0.7178693
1148143474;41.11748;-8.662309;-0.1511858;0.7176353
1148143475;41.12332;-8.646499;-0.1509099;0.7177373
1148143487;41.12701;-8.666901;-0.1512659;0.7178017
1148143505;41.13053;-8.651464;-0.1509965;0.7178632
1148143515;41.11993;-8.664061;-0.1512164;0.7176782
1148143544;41.13065;-8.649865;-0.1509686;0.7178652
1148143546;41.12556;-8.666419;-0.1512575;0.7177765
1148143548;41.11719;-8.662275;-0.1511852;0.7176304
1148143568;41.12936;-8.667602;-0.1512782;0.7178428
1148143584;41.12004;-8.664153;-0.151218;0.7176801
1148143617;41.13047;-8.650765;-0.1509843;0.7178621
1148143630;41.12926;-8.667763;-0.151281;0.717841
1148143635;41.1326;-8.648522;-0.1509452;0.7178993
1148143662;41.12367;-8.647554;-0.1509283;0.7177434
1148143667;41.11386;-8.662369;-0.1511869;0.7175722
1148143687;41.1205;-8.664563;-0.1512251;0.7176881
1148143711;41.12224;-8.666067;-0.1512514;0.7177185
1148143767;41.11769;-8.662368;-0.1511868;0.7176391
1148143769;41.12333;-8.646651;-0.1509125;0.7177376
1148143789;41.13082;-8.647353;-0.1509248;0.7178683
1148143817;41.13044;-8.651336;-0.1509943;0.7178615
1148143829;41.11971;-8.66386;-0.1512129;0.7176744
1148143853;41.13355;-8.648438;-0.1509437;0.717916
1148143857;41.11615;-8.662317;-0.151186;0.7176122
1148143879;41.13073;-8.648998;-0.1509535;0.7178666
1148143900;41.12593;-8.666435;-0.1512578;0.7177829
1148143903;41.11707;-8.662266;-0.1511851;0.7176283
1148143938;41.12955;-8.666802;-0.1512642;0.7178462
1148144066;41.13052;-8.650662;-0.1509825;0.7178631
1148144084;41.12495;-8.666528;-0.1512594;0.7177659
1148144092;41.12931;-8.667735;-0.1512805;0.7178419
1148144117;41.11163;-8.662169;-0.1511834;0.7175333
1148144142;41.12371;-8.647642;-0.1509298;0.7177441
1148144154;41.11543;-8.662372;-0.1511869;0.7175996
1148144189;41.12273;-8.666289;-0.1512553;0.7177271
1148144212;41.13162;-8.669548;-0.1513122;0.7178822
1148144234;41.11042;-8.6619;-0.1511787;0.7175122
1148144271;41.11819;-8.662577;-0.1511905;0.7176479
1148227739;41.12513;-8.649524;-0.1509627;0.7177688
1148227740;41.1292;-8.660674;-0.1511573;0.71784
1148227741;41.12636;-8.655135;-0.1510606;0.7177904
1148227743;41.12433;-8.663759;-0.1512111;0.717755
1148227751;41.12512;-8.650703;-0.1509833;0.7177687
1148227756;41.12432;-8.650597;-0.1509814;0.7177547
1148227757;41.12742;-8.647757;-0.1509318;0.717809
1148227758;41.12431;-8.651195;-0.1509918;0.7177546
1148227762;41.12348;-8.653204;-0.1510269;0.7177401
1148227764;41.12143;-8.65798;-0.1511103;0.7177043
1148227771;41.12449;-8.664967;-0.1512322;0.7177578
1148227772;41.12452;-8.649405;-0.1509606;0.7177584
1148227780;41.12196;-8.651467;-0.1509966;0.7177137
1148227782;41.12797;-8.650421;-0.1509783;0.7178185
1148227784;41.13371;-8.659299;-0.1511333;0.7179187
1148227789;41.13017;-8.648623;-0.1509469;0.7178568
1148227790;41.12212;-8.654571;-0.1510507;0.7177163
1148227791;41.12654;-8.660356;-0.1511517;0.7177935
1148227794;41.12707;-8.653695;-0.1510355;0.7178028
1148227797;41.126;-8.659913;-0.151144;0.7177842
1148227799;41.12117;-8.653937;-0.1510397;0.7176999
1148227808;41.12486;-8.658648;-0.1511219;0.7177642
1148227812;41.12336;-8.655428;-0.1510657;0.7177381
1148227814;41.12798;-8.662445;-0.1511882;0.7178187
1148227816;41.1316;-8.668579;-0.1512952;0.7178819
1148227818;41.12379;-8.65214;-0.1510083;0.7177455
1148227820;41.12935;-8.658406;-0.1511177;0.7178426
1148227822;41.1269;-8.649148;-0.1509561;0.7177998
1148227826;41.1206;-8.648561;-0.1509459;0.7176898
1148227828;41.13133;-8.654775;-0.1510543;0.7178771
1148227830;41.12311;-8.663277;-0.1512027;0.7177337
1148227833;41.12289;-8.649564;-0.1509634;0.7177297
1148227835;41.12731;-8.663057;-0.1511989;0.717807
1148227836;41.13071;-8.648349;-0.1509422;0.7178663
1148227839;41.12411;-8.666312;-0.1512557;0.7177511
1148227846;41.12794;-8.65537;-0.1510647;0.7178179
1148227848;41.13062;-8.665515;-0.1512418;0.7178646
1148227850;41.13221;-8.667144;-0.1512702;0.7178924
1148227854;41.12922;-8.650637;-0.1509821;0.7178403
1148227855;41.1347;-8.661309;-0.1511684;0.7179359
1148227856;41.12095;-8.656873;-0.1510909;0.717696
1148227857;41.12404;-8.658989;-0.1511279;0.71775
1148227866;41.12177;-8.655581;-0.1510684;0.7177103
1148227867;41.12838;-8.646747;-0.1509142;0.7178257
1148227869;41.12633;-8.655546;-0.1510678;0.7177898
1148227871;41.12122;-8.651266;-0.1509931;0.7177007
1148227872;41.13402;-8.655644;-0.1510695;0.7179241
1148227875;41.1239;-8.656454;-0.1510836;0.7177474
1148227878;41.13035;-8.667112;-0.1512696;0.71786
1148227879;41.12136;-8.658469;-0.1511188;0.717703
1148227881;41.12473;-8.666161;-0.151253;0.7177619
1148227882;41.12446;-8.649305;-0.1509589;0.7177572
1148227886;41.13184;-8.65937;-0.1511345;0.717886
1148227888;41.12933;-8.649178;-0.1509566;0.7178423
1148227889;41.13014;-8.65221;-0.1510096;0.7178564
1148227890;41.12679;-8.660708;-0.1511579;0.7177978
1148227891;41.12605;-8.652705;-0.1510182;0.7177849
1148227892;41.12726;-8.658466;-0.1511187;0.7178062
1148227894;41.11976;-8.658627;-0.1511215;0.7176753
1148227896;41.12956;-8.665609;-0.1512434;0.7178463
1148227897;41.13081;-8.65659;-0.151086;0.7178681
1148227898;41.12774;-8.661589;-0.1511732;0.7178144
1148227899;41.12156;-8.651131;-0.1509907;0.7177066
1148227900;41.13078;-8.65747;-0.1511014;0.7178675
1148227901;41.12652;-8.661917;-0.151179;0.7177932
1148227903;41.12402;-8.650772;-0.1509845;0.7177495
1148227904;41.1268;-8.649719;-0.1509661;0.7177982
1148227906;41.1291;-8.657166;-0.151096;0.7178383
1148227907;41.13324;-8.658024;-0.151111;0.7179105
1148227911;41.13142;-8.655383;-0.1510649;0.7178788
1148227912;41.12177;-8.661427;-0.1511704;0.7177103
1148227913;41.12253;-8.649989;-0.1509708;0.7177236
1148227914;41.12476;-8.648302;-0.1509413;0.7177625
1148227915;41.12453;-8.666383;-0.1512569;0.7177585
1148227916;41.12843;-8.663416;-0.1512051;0.7178264
1148227917;41.12904;-8.651961;-0.1510052;0.7178372
1148227918;41.13474;-8.661182;-0.1511662;0.7179367
1148227919;41.12149;-8.65488;-0.1510561;0.7177053
1148227920;41.12502;-8.659238;-0.1511322;0.7177671
1148227924;41.13071;-8.652925;-0.151022;0.7178663
1148227926;41.12585;-8.655996;-0.1510756;0.7177815
1148227928;41.12128;-8.651619;-0.1509992;0.7177018
1148227929;41.13398;-8.655562;-0.1510681;0.7179235
1148227931;41.12392;-8.659369;-0.1511345;0.7177477
1148227932;41.13289;-8.660378;-0.1511521;0.7179043
1148227935;41.12608;-8.647963;-0.1509354;0.7177855
1148227936;41.12935;-8.661764;-0.1511763;0.7178426
1148227938;41.12225;-8.649036;-0.1509542;0.7177187
1148227940;41.12693;-8.650659;-0.1509825;0.7178004
1148227941;41.12929;-8.649184;-0.1509567;0.7178415
1148227942;41.12946;-8.653213;-0.1510271;0.7178444
1148227943;41.12732;-8.658623;-0.1511215;0.7178072
1148227948;41.1191;-8.660607;-0.1511561;0.7176636
1148227950;41.12212;-8.657225;-0.1510971;0.7177163
1148227951;41.12729;-8.65568;-0.1510701;0.7178067
1148227954;41.12378;-8.648115;-0.1509381;0.7177454
1148227956;41.1291;-8.661317;-0.1511685;0.7178383
1148227957;41.12529;-8.663305;-0.1512032;0.7177717
1148227959;41.12537;-8.650623;-0.1509819;0.7177732
1148227960;41.12918;-8.656744;-0.1510887;0.7178395
1148227962;41.12414;-8.652018;-0.1510062;0.7177517
1148227963;41.13052;-8.657978;-0.1511102;0.7178631
1148227965;41.12606;-8.648802;-0.1509501;0.7177852
1148227966;41.12431;-8.664418;-0.1512226;0.7177545
1148227968;41.12276;-8.650944;-0.1509874;0.7177277
1148227969;41.12699;-8.649077;-0.1509549;0.7178013
1148227971;41.13476;-8.659688;-0.1511401;0.717937
1148227974;41.1252;-8.659349;-0.1511342;0.7177702
1148227975;41.12821;-8.654559;-0.1510506;0.7178227
1148227976;41.12109;-8.654142;-0.1510433;0.7176985
1148227979;41.12493;-8.659207;-0.1511317;0.7177654
1148227980;41.1225;-8.653516;-0.1510323;0.7177231
1148227981;41.12733;-8.662668;-0.1511921;0.7178073
1148227984;41.13308;-8.660501;-0.1511542;0.7179077
1148227985;41.12928;-8.658902;-0.1511264;0.7178413
1148227986;41.13242;-8.667728;-0.1512804;0.7178962
1148227989;41.12152;-8.656775;-0.1510892;0.7177059
1148227990;41.12031;-8.6488;-0.15095;0.7176848
1148227991;41.12985;-8.646178;-0.1509043;0.7178513
1148227994;41.12284;-8.664094;-0.151217;0.717729
1148227995;41.12325;-8.648363;-0.1509424;0.717736
1148227996;41.13061;-8.648306;-0.1509414;0.7178646
1148227997;41.11327;-8.662351;-0.1511865;0.717562
1148227998;41.12699;-8.655135;-0.1510606;0.7178013
1148227999;41.13026;-8.665035;-0.1512334;0.7178586
1148228004;41.11903;-8.660677;-0.1511573;0.7176625
1148228005;41.13416;-8.661077;-0.1511643;0.7179264
1148228006;41.12085;-8.65649;-0.1510843;0.7176942
1148228007;41.12725;-8.659808;-0.1511422;0.7178059
1148228008;41.12694;-8.649799;-0.1509675;0.7178006
1148228010;41.12371;-8.647902;-0.1509344;0.7177442
1148228011;41.12833;-8.647346;-0.1509247;0.7178247
1148228013;41.12994;-8.654294;-0.1510459;0.7178528
1148228015;41.12661;-8.654536;-0.1510502;0.7177947
1148228016;41.12475;-8.663599;-0.1512083;0.7177622
1148228018;41.12409;-8.650688;-0.150983;0.7177507
1148228020;41.12738;-8.647846;-0.1509334;0.7178081
1148228022;41.12835;-8.652947;-0.1510224;0.7178251
1148228023;41.12432;-8.653377;-0.1510299;0.7177548
1148228025;41.12872;-8.665627;-0.1512437;0.7178316
1148228026;41.12148;-8.659838;-0.1511427;0.7177052
1148228027;41.12323;-8.654163;-0.1510436;0.7177357
1148228028;41.12606;-8.649081;-0.1509549;0.7177852
1148228030;41.1247;-8.666365;-0.1512566;0.7177614
1148228031;41.11989;-8.650509;-0.1509799;0.7176775
1148228033;41.13037;-8.656295;-0.1510808;0.7178605
1148228036;41.12224;-8.651383;-0.1509951;0.7177185
1148228037;41.12787;-8.648924;-0.1509522;0.7178168
1148228038;41.13226;-8.659567;-0.1511379;0.7178934
1148228039;41.13022;-8.648274;-0.1509409;0.7178578
1148228040;41.12616;-8.659986;-0.1511453;0.717787
1148228043;41.12576;-8.652555;-0.1510156;0.7177799
1148228044;41.12583;-8.657612;-0.1511038;0.7177811
1148228045;41.11989;-8.657596;-0.1511036;0.7176775
1148228046;41.11836;-8.660937;-0.1511619;0.7176508
1148228047;41.1279;-8.661682;-0.1511749;0.7178172
1148228048;41.13313;-8.656879;-0.1510911;0.7179086
1148228049;41.12148;-8.651075;-0.1509898;0.7177052
1148228050;41.12477;-8.650126;-0.1509732;0.7177626
1148228052;41.13308;-8.653585;-0.1510336;0.7179077
1148228053;41.12934;-8.658619;-0.1511214;0.7178424
1148228054;41.13315;-8.658027;-0.1511111;0.7179089
1148228056;41.12148;-8.657082;-0.1510946;0.7177052
1148228057;41.11978;-8.649515;-0.1509625;0.7176756
1148228058;41.12315;-8.648998;-0.1509535;0.7177343
1148228059;41.12434;-8.648927;-0.1509522;0.7177552
1148228061;41.12843;-8.656421;-0.151083;0.7178266
1148228062;41.13157;-8.666112;-0.1512522;0.7178814
1148228065;41.13453;-8.662016;-0.1511807;0.7179329
1148228066;41.12089;-8.655537;-0.1510676;0.7176949
1148228067;41.12698;-8.661093;-0.1511646;0.7178013
1148228070;41.12904;-8.64749;-0.1509272;0.7178372
1148228071;41.13068;-8.653113;-0.1510253;0.7178658
1148228072;41.12563;-8.656161;-0.1510785;0.7177777
1148228074;41.13384;-8.655596;-0.1510686;0.7179209
1148228075;41.12503;-8.650729;-0.1509837;0.7177672
1148228080;41.1273;-8.655224;-0.1510622;0.7178068
1148228081;41.12424;-8.653735;-0.1510362;0.7177534
1148228082;41.12841;-8.666938;-0.1512666;0.7178262
1148228083;41.12127;-8.659658;-0.1511396;0.7177016
1148228085;41.12783;-8.662161;-0.1511832;0.7178161
1148228087;41.12209;-8.649053;-0.1509544;0.7177159
1148228092;41.12743;-8.650468;-0.1509791;0.7178091
1148228093;41.13231;-8.660538;-0.1511549;0.7178941
1148228094;41.13274;-8.657669;-0.1511048;0.7179018
1148228095;41.13005;-8.649208;-0.1509572;0.7178548
1148228096;41.12918;-8.650934;-0.1509873;0.7178395
1148228097;41.12717;-8.658107;-0.1511125;0.7178046
1148228101;41.11988;-8.657914;-0.1511091;0.7176772
1148228102;41.13002;-8.649802;-0.1509675;0.7178542
1148228103;41.12741;-8.65245;-0.1510137;0.7178087
1148228104;41.1288;-8.661409;-0.1511701;0.7178329
1148228105;41.12468;-8.649905;-0.1509693;0.717761
1148228106;41.12908;-8.661191;-0.1511663;0.7178378
1148228107;41.12703;-8.661596;-0.1511734;0.7178022
1148228110;41.12394;-8.651148;-0.150991;0.7177482
1148228111;41.12904;-8.657773;-0.1511066;0.7178372
1148228112;41.11975;-8.649835;-0.1509681;0.7176751
1148228113;41.13031;-8.659371;-0.1511345;0.7178593
1148228114;41.12905;-8.666105;-0.1512521;0.7178373
1148228115;41.12108;-8.664816;-0.1512296;0.7176982
1148228116;41.11996;-8.657322;-0.1510988;0.7176788
1148228117;41.12429;-8.664478;-0.1512237;0.7177544
1148228119;41.12914;-8.662406;-0.1511875;0.7178388
1148228121;41.13337;-8.652577;-0.151016;0.7179127
1148228123;41.13462;-8.659588;-0.1511383;0.7179345
1148228124;41.12093;-8.65547;-0.1510665;0.7176957
1148228125;41.12476;-8.659199;-0.1511315;0.7177625
1148228127;41.12806;-8.654439;-0.1510485;0.7178201
1148228131;41.12147;-8.652914;-0.1510218;0.7177051
1148228132;41.12489;-8.656827;-0.1510901;0.7177647
1148228133;41.12258;-8.653679;-0.1510352;0.7177244
1148228135;41.12719;-8.662914;-0.1511964;0.7178048
1148228138;41.12425;-8.65802;-0.151111;0.7177535
1148228140;41.12087;-8.648479;-0.1509444;0.7176946
1148228143;41.12332;-8.662509;-0.1511893;0.7177373
1148228145;41.13267;-8.656507;-0.1510845;0.7179006
1148228146;41.13076;-8.665542;-0.1512422;0.7178672
1148228150;41.11953;-8.66016;-0.1511483;0.7176712
1148228151;41.12755;-8.647852;-0.1509335;0.7178112
1148228152;41.12725;-8.653844;-0.1510381;0.717806
1148228153;41.12895;-8.661191;-0.1511663;0.7178355
1148228155;41.12603;-8.649676;-0.1509653;0.7177846
1148228156;41.12411;-8.648922;-0.1509522;0.7177511
1148228157;41.12835;-8.647055;-0.1509196;0.7178252
1148228158;41.12986;-8.654202;-0.1510443;0.7178514
1148228159;41.12915;-8.659868;-0.1511432;0.7178391
1148228160;41.12639;-8.65502;-0.1510586;0.717791
1148228161;41.12608;-8.662525;-0.1511896;0.7177855
1148228163;41.13483;-8.660505;-0.1511543;0.7179383
1148228164;41.12741;-8.64781;-0.1509328;0.7178088
1148228167;41.1292;-8.665451;-0.1512406;0.71784
1148228168;41.12264;-8.658395;-0.1511175;0.7177255
1148228170;41.13295;-8.657598;-0.1511036;0.7179055
1148228171;41.12473;-8.665462;-0.1512409;0.7177619
1148228172;41.12457;-8.649531;-0.1509628;0.7177591
1148228175;41.12957;-8.656723;-0.1510883;0.7178463
1148228176;41.12741;-8.664684;-0.1512273;0.7178088
1148228178;41.12323;-8.650688;-0.150983;0.7177357
1148228179;41.12792;-8.648973;-0.1509531;0.7178176
1148228180;41.12634;-8.660113;-0.1511475;0.7177899
1148228181;41.1265;-8.652775;-0.1510194;0.7177927
1148228184;41.12124;-8.653711;-0.1510358;0.7177011
1148228187;41.12487;-8.657541;-0.1511026;0.7177644
1148228189;41.12304;-8.655074;-0.1510595;0.7177324
1148228190;41.12733;-8.661284;-0.1511679;0.7178074
1148228191;41.1332;-8.657317;-0.1510987;0.7179098
1148228192;41.12786;-8.656285;-0.1510807;0.7178165
1148228193;41.12914;-8.659357;-0.1511343;0.7178388
1148228194;41.13419;-8.658411;-0.1511178;0.717927
1148228195;41.12675;-8.649348;-0.1509596;0.7177972
1148228196;41.12173;-8.657139;-0.1510956;0.7177097
1148228197;41.12074;-8.648477;-0.1509444;0.7176924
1148228198;41.13152;-8.654095;-0.1510424;0.7178805
1148228199;41.12324;-8.662853;-0.1511953;0.7177359
1148228200;41.12305;-8.649285;-0.1509585;0.7177325
1148228202;41.13044;-8.665314;-0.1512382;0.7178615
1148228203;41.13226;-8.666825;-0.1512646;0.7178934
1148228208;41.13464;-8.661469;-0.1511712;0.7179349
1148228209;41.12742;-8.647859;-0.1509336;0.717809
1148228210;41.12104;-8.657267;-0.1510978;0.7176976
1148228211;41.12769;-8.657135;-0.1510955;0.7178136
1148228213;41.12611;-8.64969;-0.1509656;0.717786
1148228219;41.12119;-8.650964;-0.1509878;0.7177001
1148228220;41.13387;-8.65568;-0.1510701;0.7179214
1148228222;41.12427;-8.653001;-0.1510234;0.7177539
1148228224;41.12902;-8.664967;-0.1512322;0.7178369
1148228225;41.12963;-8.661849;-0.1511778;0.7178475
1148228228;41.12469;-8.665598;-0.1512432;0.7177612
1148228229;41.12301;-8.648526;-0.1509453;0.7177319
1148228231;41.12787;-8.647295;-0.1509238;0.7178167
1148228232;41.13009;-8.657064;-0.1510943;0.7178555
1148228235;41.13001;-8.649224;-0.1509574;0.7178541
1148228237;41.12709;-8.661462;-0.151171;0.7178031
1148228238;41.12632;-8.652752;-0.151019;0.7177896
1148228240;41.12721;-8.658195;-0.151114;0.7178053
1148228243;41.12859;-8.665197;-0.1512362;0.7178293
1148228244;41.1274;-8.661319;-0.1511685;0.7178085
1148228245;41.12164;-8.651213;-0.1509921;0.7177079
1148228247;41.13059;-8.657381;-0.1510998;0.7178642
1148228248;41.12396;-8.65097;-0.1509879;0.7177485
1148228249;41.12907;-8.657403;-0.1511002;0.7178377
1148228250;41.13351;-8.658122;-0.1511127;0.7179151
1148228251;41.12276;-8.654232;-0.1510448;0.7177275
1148228252;41.12536;-8.661838;-0.1511776;0.7177729
1148228253;41.11988;-8.649238;-0.1509577;0.7176773
1148228255;41.13096;-8.657509;-0.151102;0.7178707
1148228256;41.12255;-8.665345;-0.1512388;0.7177238
1148228257;41.12206;-8.650391;-0.1509778;0.7177153
1148228258;41.1245;-8.648537;-0.1509454;0.7177579
1148228259;41.12478;-8.664537;-0.1512247;0.7177628
1148228260;41.12968;-8.663216;-0.1512016;0.7178484
1148228263;41.13486;-8.659986;-0.1511453;0.7179387
1148228266;41.12082;-8.655896;-0.1510739;0.7176937
1148228269;41.12706;-8.650112;-0.1509729;0.7178025
1148228270;41.13081;-8.652475;-0.1510142;0.7178681
1148228271;41.12621;-8.655857;-0.1510732;0.7177877
1148228272;41.12196;-8.6529;-0.1510216;0.7177135
1148228273;41.13264;-8.65581;-0.1510724;0.7179
1148228277;41.12419;-8.658502;-0.1511194;0.7177525
1148228278;41.13231;-8.659538;-0.1511375;0.7178942
1148228280;41.12955;-8.661851;-0.1511778;0.7178461
1148228282;41.12824;-8.661876;-0.1511783;0.7178232
1148228283;41.12241;-8.648957;-0.1509528;0.7177215
1148228285;41.13268;-8.658986;-0.1511278;0.7179008
1148228286;41.12552;-8.652264;-0.1510105;0.7177757
1148228290;41.11946;-8.660312;-0.151151;0.7176699
1148228292;41.12926;-8.649742;-0.1509665;0.7178411
1148228293;41.1274;-8.651772;-0.1510019;0.7178085
1148228294;41.12865;-8.66147;-0.1511712;0.7178303
1148228296;41.12395;-8.648569;-0.150946;0.7177483
1148228297;41.12817;-8.648299;-0.1509413;0.7178219
1148228298;41.12928;-8.661826;-0.1511774;0.7178413
1148228299;41.12661;-8.654206;-0.1510444;0.7177948
1148228302;41.12571;-8.662914;-0.1511964;0.7177791
1148228304;41.12905;-8.655787;-0.151072;0.7178373
1148228305;41.13093;-8.658033;-0.1511112;0.7178701
1148228306;41.12303;-8.655351;-0.1510644;0.7177323
1148228308;41.12606;-8.648493;-0.1509447;0.7177852
1148228309;41.13288;-8.657641;-0.1511043;0.7179042
1148228310;41.12436;-8.664401;-0.1512223;0.7177554
1148228312;41.12059;-8.650768;-0.1509844;0.7176898
1148228313;41.1272;-8.664964;-0.1512322;0.717805
1148228315;41.123;-8.650789;-0.1509847;0.7177318
1148228316;41.12721;-8.648461;-0.1509441;0.7178053
1148228318;41.13482;-8.659837;-0.1511427;0.7179381
1148228319;41.12576;-8.659852;-0.1511429;0.7177798
1148228320;41.12862;-8.655094;-0.1510599;0.7178298
1148228323;41.13071;-8.647435;-0.1509262;0.7178664
1148228325;41.12497;-8.656725;-0.1510884;0.7177662
1148228326;41.12241;-8.653378;-0.1510299;0.7177215
1148228327;41.12751;-8.66244;-0.1511881;0.7178104
1148228331;41.13385;-8.660899;-0.1511612;0.7179212
1148228332;41.12675;-8.649713;-0.150966;0.7177972
1148228333;41.12917;-8.65925;-0.1511324;0.7178394
1148228334;41.12989;-8.663815;-0.1512121;0.7178521
1148228336;41.12177;-8.656832;-0.1510902;0.7177103
1148228341;41.12348;-8.661487;-0.1511715;0.7177402
1148228342;41.12315;-8.648623;-0.150947;0.7177345
1148228343;41.12825;-8.650414;-0.1509782;0.7178233
1148228344;41.13102;-8.665501;-0.1512415;0.7178717
1148228348;41.11877;-8.660914;-0.1511615;0.7176579
1148228351;41.12759;-8.648011;-0.1509363;0.7178119
1148228352;41.12743;-8.658726;-0.1511233;0.717809
1148228353;41.12554;-8.64946;-0.1509615;0.7177761
1148228355;41.12829;-8.647607;-0.1509292;0.7178241
1148228356;41.13012;-8.65444;-0.1510485;0.717856
1148228357;41.12925;-8.660425;-0.1511529;0.7178407
1148228359;41.12661;-8.65441;-0.151048;0.7177948
1148228360;41.12402;-8.664055;-0.1512163;0.7177496
1148228361;41.12888;-8.655501;-0.151067;0.7178344
1148228362;41.13263;-8.659997;-0.1511455;0.7178997
1148228363;41.12448;-8.650646;-0.1509823;0.7177576
1148228364;41.12692;-8.6479;-0.1509343;0.7178002
1148228365;41.12431;-8.653197;-0.1510268;0.7177546
1148228367;41.12967;-8.659102;-0.1511298;0.7178481
1148228369;41.12883;-8.665288;-0.1512378;0.7178335
1148228370;41.12459;-8.665171;-0.1512358;0.7177595
1148228371;41.12014;-8.650663;-0.1509826;0.7176819
1148228376;41.12186;-8.651354;-0.1509946;0.7177119
1148228377;41.1273;-8.648545;-0.1509456;0.7178068
1148228380;41.13338;-8.659099;-0.1511298;0.7179129
1148228381;41.13013;-8.649099;-0.1509553;0.7178562
1148228382;41.12195;-8.654923;-0.1510569;0.7177134
1148228383;41.12663;-8.652878;-0.1510212;0.717795
1148228384;41.12691;-8.657879;-0.1511085;0.7178
1148228386;41.12883;-8.662845;-0.1511952;0.7178336
1148228388;41.12432;-8.649162;-0.1509564;0.7177548
1148228390;41.12386;-8.651831;-0.1510029;0.7177468
1148228391;41.12926;-8.658177;-0.1511137;0.7178411
1148228392;41.12688;-8.649203;-0.1509571;0.7177995
1148228393;41.1198;-8.649387;-0.1509603;0.717676
1148228394;41.12247;-8.665536;-0.1512421;0.7177225
1148228395;41.12312;-8.648657;-0.1509475;0.7177339
1148228397;41.12441;-8.648675;-0.1509479;0.7177564
1148228398;41.12856;-8.655518;-0.1510673;0.7178288
1148228399;41.12943;-8.66241;-0.1511876;0.7178439
1148228403;41.12086;-8.655636;-0.1510693;0.7176945
1148228409;41.13071;-8.651768;-0.1510018;0.7178663
1148228410;41.12632;-8.655637;-0.1510694;0.7177898
1148228412;41.1237;-8.664363;-0.1512217;0.717744
1148228413;41.12459;-8.650693;-0.1509831;0.7177595
1148228416;41.12425;-8.657326;-0.1510988;0.7177536
1148228417;41.12854;-8.666403;-0.1512573;0.7178285
1148228418;41.12139;-8.658264;-0.1511152;0.7177037
1148228419;41.13019;-8.66213;-0.1511827;0.7178572
1148228422;41.12801;-8.662059;-0.1511814;0.7178192
1148228423;41.12355;-8.648149;-0.1509387;0.7177413
1148228428;41.1328;-8.65848;-0.151119;0.7179029
1148228429;41.13008;-8.64917;-0.1509565;0.7178553
1148228430;41.1304;-8.651227;-0.1509924;0.7178609
1148228431;41.12525;-8.6513;-0.1509937;0.717771
1148228432;41.12706;-8.661257;-0.1511675;0.7178027
1148228433;41.12539;-8.651888;-0.1510039;0.7177735
1148228434;41.12699;-8.657907;-0.151109;0.7178014
1148228438;41.12029;-8.65625;-0.1510801;0.7176844
1148228439;41.11965;-8.659551;-0.1511377;0.7176733
1148228440;41.12741;-8.652169;-0.1510088;0.7178088
1148228441;41.12872;-8.661456;-0.1511709;0.7178315
1148228442;41.12637;-8.662031;-0.151181;0.7177905
1148228445;41.1239;-8.651608;-0.150999;0.7177475
1148228447;41.12905;-8.657846;-0.1511079;0.7178373
1148228452;41.12237;-8.654209;-0.1510444;0.7177207
1148228454;41.13142;-8.65549;-0.1510668;0.7178788
1148228455;41.12192;-8.661023;-0.1511634;0.7177129
1148228456;41.12218;-8.650171;-0.150974;0.7177175
1148228458;41.12526;-8.64837;-0.1509425;0.7177712
1148228459;41.1337;-8.656702;-0.151088;0.7179185
1148228460;41.13046;-8.657934;-0.1511095;0.717862
1148228461;41.12811;-8.663811;-0.151212;0.7178209
1148228462;41.1341;-8.659438;-0.1511357;0.7179255
1148228463;41.12357;-8.650684;-0.1509829;0.7177417
1148228465;41.12888;-8.653067;-0.1510245;0.7178344
1148228467;41.13481;-8.660754;-0.1511587;0.7179378
1148228468;41.12195;-8.65455;-0.1510504;0.7177134
1148228472;41.12513;-8.663964;-0.1512147;0.717769
1148228474;41.12154;-8.652529;-0.1510151;0.7177063
1148228477;41.12491;-8.656769;-0.1510891;0.7177652
1148228478;41.12138;-8.651919;-0.1510045;0.7177034
1148228479;41.13346;-8.655681;-0.1510701;0.7179144
1148228482;41.12783;-8.656154;-0.1510784;0.7178161
1148228483;41.12429;-8.657608;-0.1511038;0.7177542
1148228486;41.12096;-8.648511;-0.150945;0.7176962
1148228488;41.12339;-8.662086;-0.1511819;0.7177386
1148228490;41.12837;-8.650434;-0.1509786;0.7178255
1148228491;41.13309;-8.662015;-0.1511807;0.7179078
1148228493;41.13039;-8.654529;-0.15105;0.7178606
1148228494;41.12928;-8.649217;-0.1509573;0.7178413
1148228495;41.13089;-8.665518;-0.1512418;0.7178694
1148228500;41.11959;-8.659931;-0.1511443;0.7176722
1148228501;41.12759;-8.647914;-0.1509346;0.7178119
1148228502;41.12732;-8.655832;-0.1510728;0.7178071
1148228504;41.12566;-8.649493;-0.1509621;0.7177781
1148228506;41.12924;-8.66032;-0.1511511;0.7178406
1148228507;41.12626;-8.662249;-0.1511848;0.7177887
1148228509;41.12619;-8.650611;-0.1509816;0.7177874
1148228510;41.12917;-8.656597;-0.1510861;0.7178394
1148228512;41.1241;-8.652233;-0.15101;0.7177508
1148228516;41.127;-8.650632;-0.150982;0.7178016
1148228517;41.12238;-8.659843;-0.1511428;0.7177209
1148228518;41.1256;-8.648421;-0.1509434;0.7177772
1148228519;41.13332;-8.657178;-0.1510963;0.717912
1148228520;41.12471;-8.665329;-0.1512385;0.7177615
1148228521;41.12769;-8.664324;-0.151221;0.7178137
1148228523;41.12337;-8.650663;-0.1509826;0.7177382
1148228525;41.13308;-8.658765;-0.151124;0.7179077
1148228526;41.12542;-8.659591;-0.1511384;0.7177739
1148228527;41.12657;-8.652815;-0.1510201;0.717794
1148228530;41.12076;-8.654873;-0.151056;0.7176926
1148228536;41.12782;-8.656233;-0.1510798;0.7178159
1148228537;41.13329;-8.660623;-0.1511564;0.7179114
1148228538;41.12912;-8.659529;-0.1511373;0.7178385
1148228540;41.13448;-8.658427;-0.1511181;0.717932
1148228541;41.1325;-8.667386;-0.1512744;0.7178976
1148228542;41.12677;-8.649296;-0.1509587;0.7177975
1148228545;41.12007;-8.649082;-0.150955;0.7176806
1148228546;41.12267;-8.66461;-0.151226;0.717726
1148228547;41.12324;-8.648516;-0.1509451;0.7177359
1148228549;41.13026;-8.648267;-0.1509407;0.7178584
1148228550;41.13019;-8.664498;-0.151224;0.7178572
1148228554;41.11898;-8.660774;-0.151159;0.7176617
1148228556;41.12082;-8.656301;-0.151081;0.7176936
1148228557;41.12767;-8.657018;-0.1510935;0.7178133
1148228558;41.12701;-8.649894;-0.1509691;0.7178017
1148228560;41.1224;-8.654985;-0.151058;0.7177213
1148228561;41.12369;-8.647773;-0.1509321;0.7177438
1148228564;41.13073;-8.65192;-0.1510045;0.7178666
1148228566;41.1263;-8.655737;-0.1510711;0.7177894
1148228567;41.12444;-8.663706;-0.1512102;0.7177568
1148228568;41.1268;-8.65069;-0.150983;0.7177982
1148228570;41.12419;-8.65061;-0.1509816;0.7177525
1148228573;41.12411;-8.652459;-0.1510139;0.7177511
1148228574;41.1283;-8.652947;-0.1510224;0.7178242
1148228577;41.12955;-8.664206;-0.1512189;0.7178461
1148228578;41.12333;-8.653707;-0.1510357;0.7177376
1148228579;41.12968;-8.661853;-0.1511779;0.7178484
1148228580;41.12597;-8.649646;-0.1509648;0.7177835
1148228582;41.12469;-8.666546;-0.1512598;0.7177613
1148228584;41.12738;-8.647345;-0.1509246;0.7178082
1148228585;41.12991;-8.657561;-0.1511029;0.7178523
1148228587;41.12208;-8.651472;-0.1509967;0.7177157
1148228588;41.1302;-8.648306;-0.1509414;0.7178575
1148228589;41.12222;-8.654354;-0.151047;0.7177181
1148228591;41.12709;-8.661341;-0.1511689;0.7178031
1148228592;41.12563;-8.652493;-0.1510145;0.7177777
1148228593;41.12604;-8.657704;-0.1511054;0.7177848
1148228595;41.12063;-8.655224;-0.1510622;0.7176903
1148228598;41.12808;-8.661753;-0.1511761;0.7178205
1148228599;41.12936;-8.658495;-0.1511192;0.7178427
1148228601;41.13277;-8.658087;-0.1511121;0.7179023
1148228602;41.12262;-8.654251;-0.1510452;0.7177251
1148228604;41.12277;-8.657373;-0.1510997;0.7177278
1148228605;41.11993;-8.649182;-0.1509567;0.7176782
1148228606;41.13107;-8.656678;-0.1510875;0.7178726
1148228607;41.12259;-8.665146;-0.1512353;0.7177246
1148228608;41.12207;-8.650312;-0.1509764;0.7177154
1148228611;41.12503;-8.664872;-0.1512305;0.7177672
1148228612;41.13013;-8.664359;-0.1512216;0.7178562
1148228613;41.13202;-8.667841;-0.1512824;0.7178891
1148228616;41.12835;-8.656986;-0.1510929;0.7178252
1148228617;41.13487;-8.660182;-0.1511487;0.7179389
1148228618;41.12514;-8.650845;-0.1509857;0.7177692
1148228619;41.12081;-8.65616;-0.1510785;0.7176935
1148228621;41.12705;-8.649985;-0.1509707;0.7178024
1148228623;41.12963;-8.647498;-0.1509273;0.7178475
1148228624;41.13134;-8.653416;-0.1510306;0.7178773
1148228625;41.12536;-8.656475;-0.151084;0.717773
1148228626;41.12154;-8.652321;-0.1510115;0.7177063
1148228627;41.13303;-8.655737;-0.1510711;0.7179068
1148228628;41.13268;-8.661363;-0.1511693;0.7179007
1148228631;41.12826;-8.653022;-0.1510237;0.7178236
1148228632;41.1237;-8.655748;-0.1510713;0.7177439
1148228634;41.12101;-8.659531;-0.1511373;0.717697
1148228635;41.12965;-8.664059;-0.1512164;0.7178479
1148228637;41.12191;-8.64901;-0.1509537;0.7177127
1148228640;41.12753;-8.650444;-0.1509787;0.7178109
1148228641;41.13244;-8.659317;-0.1511336;0.7178965
1148228642;41.13131;-8.665637;-0.1512439;0.7178767
1148228643;41.12556;-8.652387;-0.1510126;0.7177764
1148228646;41.11985;-8.658101;-0.1511124;0.7176768
1148228647;41.1274;-8.651514;-0.1509974;0.7178085
1148228648;41.12825;-8.661761;-0.1511763;0.7178234
1148228649;41.12462;-8.649672;-0.1509652;0.71776
1148228650;41.12907;-8.661057;-0.151164;0.7178378
1148228652;41.12665;-8.654086;-0.1510423;0.7177955
1148228655;41.12908;-8.655943;-0.1510747;0.7178378
1148228656;41.11966;-8.650331;-0.1509767;0.7176735
1148228658;41.12161;-8.662145;-0.1511829;0.7177075
1148228659;41.12047;-8.657591;-0.1511035;0.7176875
1148228660;41.12457;-8.648264;-0.1509407;0.7177591
1148228661;41.12434;-8.664597;-0.1512257;0.7177551
1148228662;41.12939;-8.657258;-0.1510977;0.7178432
1148228664;41.12861;-8.663168;-0.1512008;0.7178297
1148228666;41.1211;-8.655294;-0.1510634;0.7176986
1148228667;41.12559;-8.659779;-0.1511416;0.7177769
1148228668;41.12732;-8.653894;-0.1510389;0.7178071
1148228671;41.13026;-8.647502;-0.1509274;0.7178585
1148228673;41.1316;-8.653724;-0.151036;0.7178818
1148228675;41.12522;-8.656569;-0.1510856;0.7177705
1148228676;41.12293;-8.654784;-0.1510545;0.7177306
1148228679;41.13365;-8.660799;-0.1511595;0.7179177
1148228680;41.12695;-8.648457;-0.150944;0.7178007
1148228683;41.12981;-8.663918;-0.1512139;0.7178506
1148228685;41.12685;-8.647906;-0.1509344;0.7177989
1148228686;41.12168;-8.656185;-0.1510789;0.7177087
1148228687;41.12165;-8.648921;-0.1509521;0.7177081
1148228690;41.12354;-8.660927;-0.1511617;0.7177413
1148228692;41.12321;-8.648584;-0.1509463;0.7177354
1148228693;41.12809;-8.650414;-0.1509782;0.7178206
1148228694;41.13287;-8.661018;-0.1511633;0.717904
1148228695;41.13254;-8.655835;-0.1510728;0.7178983
1148228696;41.13117;-8.665569;-0.1512427;0.7178743
1148228701;41.11889;-8.660863;-0.1511606;0.7176601
1163400643;41.12381;-8.655344;-0.1510642;0.7177459
1163400653;41.12889;-8.646966;-0.150918;0.7178347
1163400660;41.1314;-8.658024;-0.151111;0.7178785
1163400702;41.12424;-8.649899;-0.1509692;0.7177534
1163400705;41.12947;-8.654064;-0.1510419;0.7178447
1163400709;41.12536;-8.655352;-0.1510644;0.717773
1163400751;41.12668;-8.646105;-0.150903;0.717796
1163400755;41.12662;-8.664639;-0.1512265;0.717795
1163400760;41.12668;-8.655005;-0.1510583;0.717796
1163400766;41.12837;-8.657319;-0.1510987;0.7178255
1163400774;41.12151;-8.661052;-0.1511639;0.7177057
1163400805;41.12536;-8.66325;-0.1512022;0.7177729
1163400807;41.13304;-8.653594;-0.1510337;0.717907
1163400810;41.12584;-8.656796;-0.1510896;0.7177812
1163400816;41.12731;-8.654382;-0.1510475;0.7178069
1163400849;41.12637;-8.658014;-0.1511109;0.7177905
1163400876;41.1264;-8.664752;-0.1512285;0.717791
1163400877;41.13007;-8.659489;-0.1511366;0.7178551
1163400904;41.12585;-8.662558;-0.1511901;0.7177815
1163400912;41.12445;-8.66035;-0.1511516;0.7177571
1163400935;41.12286;-8.651987;-0.1510057;0.7177294
1163400949;41.12681;-8.66643;-0.1512578;0.7177982
1163400972;41.12732;-8.647303;-0.1509239;0.7178072
1163400976;41.13023;-8.661206;-0.1511666;0.717858
1163400978;41.12527;-8.664668;-0.151227;0.7177713
1163400983;41.12601;-8.654119;-0.1510429;0.7177843
1163400987;41.1231;-8.664639;-0.1512265;0.7177336
1163400992;41.12551;-8.663129;-0.1512001;0.7177755
1163401006;41.12962;-8.658183;-0.1511138;0.7178473
1163401067;41.12662;-8.654142;-0.1510433;0.7177949
1163401071;41.12863;-8.648945;-0.1509526;0.7178301
1163401075;41.13201;-8.657429;-0.1511006;0.717889
1163401090;41.12698;-8.661721;-0.1511756;0.7178013
1163401092;41.1207;-8.661546;-0.1511725;0.7176916
1163401101;41.12613;-8.66404;-0.151216;0.7177863
1163401118;41.12684;-8.666492;-0.1512588;0.7177988
1163401132;41.12894;-8.658086;-0.1511121;0.7178354
1163401166;41.12927;-8.655429;-0.1510657;0.7178411
1163401196;41.12936;-8.66049;-0.1511541;0.7178428
1163401200;41.13029;-8.661122;-0.1511651;0.7178589
1163401211;41.12739;-8.664711;-0.1512277;0.7178084
1163401230;41.12896;-8.657851;-0.151108;0.7178358
1163401236;41.13071;-8.659437;-0.1511357;0.7178662
1163401240;41.12658;-8.66244;-0.1511881;0.7177942
1163401265;41.12351;-8.651323;-0.1509941;0.7177406
1163401271;41.11974;-8.661041;-0.1511637;0.7176748
1163401299;41.12594;-8.663797;-0.1512118;0.717783
1163401316;41.12924;-8.65855;-0.1511202;0.7178406
1163401331;41.12582;-8.656954;-0.1510924;0.7177809
1163401346;41.12342;-8.657589;-0.1511034;0.7177392
1163401377;41.12386;-8.658064;-0.1511117;0.7177468
1163401389;41.12886;-8.647982;-0.1509358;0.7178341
1163401406;41.12027;-8.661662;-0.1511745;0.7176841
1163401414;41.12167;-8.661201;-0.1511665;0.7177086
1163401418;41.12604;-8.65452;-0.1510499;0.7177848
1163401442;41.11978;-8.658508;-0.1511195;0.7176756
1163401444;41.12446;-8.646342;-0.1509071;0.7177572
1163401445;41.1239;-8.651143;-0.1509909;0.7177474
1163401446;41.12809;-8.657057;-0.1510941;0.7178206
1163401450;41.12684;-8.666327;-0.151256;0.7177988
1163401476;41.13348;-8.654194;-0.1510442;0.7179146
1163401490;41.12457;-8.647849;-0.1509334;0.7177591
1163401493;41.12979;-8.654267;-0.1510455;0.7178502
1163401508;41.12615;-8.656539;-0.1510851;0.7177867
1163401518;41.12801;-8.663918;-0.1512139;0.7178193
1163401519;41.12014;-8.660561;-0.1511553;0.7176819
1163401547;41.12896;-8.660947;-0.151162;0.7178357
1163401551;41.13046;-8.66014;-0.151148;0.717862
1163401562;41.12395;-8.658028;-0.1511111;0.7177484
1163401565;41.12907;-8.657457;-0.1511011;0.7178376
1163401571;41.12583;-8.658843;-0.1511253;0.7177812
1163401587;41.12894;-8.647549;-0.1509282;0.7178354
1163401597;41.12388;-8.655396;-0.1510652;0.7177472
1163401600;41.12894;-8.647661;-0.1509302;0.7178355
1163401604;41.13107;-8.658048;-0.1511114;0.7178726
1163401609;41.12621;-8.663197;-0.1512013;0.7177877
1163401633;41.12438;-8.649836;-0.1509681;0.7177558
1163401645;41.12542;-8.655308;-0.1510636;0.717774
1163401674;41.12661;-8.646127;-0.1509034;0.7177948
1163401678;41.12554;-8.664867;-0.1512305;0.7177761
1163401683;41.12711;-8.656852;-0.1510906;0.7178035
1163401687;41.12595;-8.652654;-0.1510173;0.7177832
1163401695;41.12369;-8.664877;-0.1512306;0.7177438
1163401699;41.1304;-8.658721;-0.1511232;0.7178609
1163401714;41.12094;-8.661258;-0.1511675;0.7176958
1163401716;41.12581;-8.656657;-0.1510872;0.7177808
1163401724;41.12596;-8.658324;-0.1511163;0.7177834
1163401727;41.12514;-8.655367;-0.1510646;0.7177691
1163401769;41.12685;-8.66478;-0.1512289;0.717799
1163401774;41.12669;-8.654961;-0.1510576;0.7177961
1163401777;41.13046;-8.660118;-0.1511476;0.717862
1163401785;41.12664;-8.654012;-0.151041;0.7177952
1163401793;41.12066;-8.661819;-0.1511773;0.7176909
1163401809;41.12562;-8.662454;-0.1511883;0.7177774
1163401820;41.1293;-8.657514;-0.1511021;0.7178417
1163401825;41.12146;-8.66075;-0.1511586;0.7177048
1163401835;41.12132;-8.659703;-0.1511403;0.7177024
1163401845;41.12384;-8.65767;-0.1511049;0.7177464
1163401869;41.12649;-8.665146;-0.1512353;0.7177926
1163401870;41.13006;-8.656457;-0.1510837;0.717855
1163401871;41.13036;-8.661466;-0.1511711;0.7178602
1163401873;41.12558;-8.665008;-0.1512329;0.7177768
1163401878;41.12369;-8.664828;-0.1512298;0.7177438
1163401894;41.12968;-8.658227;-0.1511146;0.7178484
1163401915;41.12286;-8.665696;-0.1512449;0.7177292
1163401932;41.12827;-8.657186;-0.1510964;0.7178236
1163401944;41.1218;-8.663357;-0.1512041;0.7177107
1163401946;41.13255;-8.653275;-0.1510281;0.7178984
1163401956;41.12892;-8.647308;-0.150924;0.717835
1163401964;41.12071;-8.661803;-0.151177;0.7176918
1163401969;41.13182;-8.658058;-0.1511116;0.7178858
1163401973;41.12696;-8.661683;-0.1511749;0.7178009
1163402004;41.12405;-8.650064;-0.1509721;0.7177501
1163402009;41.1206;-8.661526;-0.1511721;0.7176898
1163402016;41.12037;-8.659768;-0.1511415;0.7176858
1163402022;41.12719;-8.646257;-0.1509057;0.7178048
1163402026;41.12646;-8.664633;-0.1512264;0.7177922
1163402041;41.12846;-8.657601;-0.1511036;0.717827
1163402072;41.12268;-8.66188;-0.1511783;0.7177262
1163402091;41.133;-8.653876;-0.1510386;0.7179064
1163402110;41.12625;-8.664918;-0.1512313;0.7177885
1163402138;41.12181;-8.663427;-0.1512053;0.717711
1163402159;41.12111;-8.659231;-0.1511321;0.7176987
1163402161;41.1306;-8.659445;-0.1511358;0.7178644
1163402163;41.1253;-8.648142;-0.1509386;0.7177718
1163402167;41.12578;-8.658382;-0.1511173;0.7177802
1163402191;41.12338;-8.651467;-0.1509966;0.7177384
1163402206;41.12677;-8.66494;-0.1512317;0.7177975
1163402220;41.13027;-8.661154;-0.1511656;0.7178587
1163402222;41.1253;-8.664469;-0.1512235;0.7177719
1163402224;41.12309;-8.664748;-0.1512284;0.7177334
1163402230;41.12948;-8.658095;-0.1511123;0.7178448
1163402232;41.1258;-8.657019;-0.1510935;0.7177806
1163402257;41.12731;-8.663211;-0.1512015;0.7178069
1163402264;41.12486;-8.658257;-0.1511151;0.7177643
1163402321;41.12288;-8.658195;-0.151114;0.7177296
1163402326;41.12411;-8.655672;-0.15107;0.7177512
1163402333;41.12871;-8.648839;-0.1509507;0.7178314
1163402334;41.13273;-8.657544;-0.1511026;0.7179016
1163402336;41.12695;-8.661899;-0.1511786;0.7178007
1163402366;41.12588;-8.659024;-0.1511285;0.717782
1163402374;41.12732;-8.666499;-0.1512589;0.7178071
1163402404;41.12531;-8.664326;-0.151221;0.7177721
1163402408;41.12572;-8.65616;-0.1510785;0.7177792
1163402428;41.11957;-8.660325;-0.1511512;0.7176719
1163402443;41.1272;-8.663425;-0.1512053;0.7178051
1163402446;41.12114;-8.660094;-0.1511472;0.7176992
1163402449;41.12885;-8.660938;-0.1511619;0.7178338
1163402465;41.13033;-8.661023;-0.1511634;0.7178596
1163402488;41.13123;-8.652391;-0.1510127;0.7178753
1163402494;41.12892;-8.647442;-0.1509263;0.7178351
1163402512;41.13137;-8.659408;-0.1511352;0.7178779
1163402515;41.12534;-8.647937;-0.150935;0.7177726
1163402518;41.12627;-8.663096;-0.1511995;0.7177888
1163402519;41.12368;-8.6513;-0.1509937;0.7177436
1163402521;41.11974;-8.661293;-0.1511681;0.7176748
1163402522;41.12394;-8.65655;-0.1510853;0.7177481
1163402545;41.1298;-8.661782;-0.1511766;0.7178503
1163402547;41.12568;-8.66381;-0.151212;0.7177786
1163402556;41.1271;-8.656923;-0.1510918;0.7178033
1163402566;41.12164;-8.664487;-0.1512238;0.7177081
1163402568;41.12576;-8.656227;-0.1510797;0.7177798
1163402584;41.12152;-8.662626;-0.1511914;0.7177058
1163402588;41.12649;-8.666259;-0.1512547;0.7177926
1163402597;41.12009;-8.661659;-0.1511745;0.717681
1163402600;41.12174;-8.660851;-0.1511604;0.7177098
1163402612;41.12954;-8.660143;-0.151148;0.717846
1163402614;41.12613;-8.658448;-0.1511184;0.7177864
1163402617;41.12428;-8.657523;-0.1511023;0.7177541
1163402621;41.12805;-8.657059;-0.1510942;0.7178199
1163402632;41.13081;-8.652259;-0.1510104;0.7178681
1163402640;41.13026;-8.6566;-0.1510862;0.7178585
1163402641;41.13353;-8.653929;-0.1510396;0.7179155
1163402647;41.12666;-8.654684;-0.1510527;0.7177956
1163402699;41.12862;-8.649167;-0.1509564;0.7178298
1163402704;41.1315;-8.658027;-0.1511111;0.7178801
1163402717;41.12409;-8.650009;-0.1509711;0.7177507
1163402721;41.12004;-8.661369;-0.1511694;0.71768
1163402724;41.12533;-8.655424;-0.1510656;0.7177724
1163402744;41.1267;-8.646127;-0.1509034;0.7177963
1163402746;41.12652;-8.664632;-0.1512264;0.7177932
1163402747;41.12684;-8.655816;-0.1510725;0.7177988
1163402748;41.12842;-8.65745;-0.151101;0.7178263
1163402755;41.12576;-8.652701;-0.1510181;0.71778
1163402770;41.1335;-8.653818;-0.1510376;0.7179149
1163402773;41.12587;-8.656871;-0.1510909;0.7177819
1163402790;41.12619;-8.658154;-0.1511133;0.7177874
1163402791;41.12519;-8.656312;-0.1510811;0.71777
1163402797;41.1263;-8.664827;-0.1512298;0.7177894
1163402807;41.1269;-8.65513;-0.1510605;0.7177997
1163402808;41.12993;-8.659911;-0.151144;0.7178527
1163402816;41.12561;-8.652769;-0.1510193;0.7177773
1163402829;41.12595;-8.662666;-0.1511921;0.7177832
1163402832;41.12941;-8.657599;-0.1511036;0.7178436
1163402844;41.12359;-8.657577;-0.1511032;0.717742
1163402848;41.12529;-8.655533;-0.1510675;0.7177717
1163402860;41.12682;-8.664856;-0.1512303;0.7177984
1163402866;41.13023;-8.661321;-0.1511686;0.717858
1163402868;41.12554;-8.665075;-0.1512341;0.7177761
1163402871;41.12627;-8.652871;-0.1510211;0.7177889
1163402872;41.12364;-8.664746;-0.1512284;0.717743
1163402875;41.12953;-8.658115;-0.1511126;0.7178457
1163402886;41.12499;-8.658251;-0.151115;0.7177665
1163402893;41.12268;-8.658081;-0.151112;0.7177262
1163402896;41.12526;-8.664064;-0.1512164;0.7177712
1163402905;41.12651;-8.654159;-0.1510436;0.717793
1163402908;41.12866;-8.648889;-0.1509516;0.7178306
1163402913;41.12699;-8.661784;-0.1511766;0.7178013
1163402919;41.13014;-8.653458;-0.1510313;0.7178563
1163402926;41.12074;-8.661501;-0.1511717;0.7176922
1163402936;41.12634;-8.664288;-0.1512204;0.7177899
1163402944;41.12873;-8.657756;-0.1511063;0.7178318
1163402966;41.12703;-8.666513;-0.1512592;0.717802
1163402976;41.1217;-8.664196;-0.1512187;0.717709
1163402979;41.12899;-8.658163;-0.1511135;0.7178364
1163403005;41.12633;-8.657822;-0.1511075;0.7177898
1163403021;41.12629;-8.665207;-0.1512364;0.7177892
1163403026;41.13031;-8.661093;-0.1511646;0.7178593
1163403065;41.13131;-8.659401;-0.1511351;0.7178767
1163403071;41.12574;-8.65867;-0.1511223;0.7177796
1163403080;41.12358;-8.651271;-0.1509932;0.7177419
1163403083;41.12075;-8.660989;-0.1511628;0.7176925
1163403097;41.13011;-8.661582;-0.1511731;0.7178559
1163403099;41.12578;-8.663688;-0.1512099;0.7177802
1163403112;41.12902;-8.658253;-0.151115;0.7178369
1163403118;41.12597;-8.656756;-0.1510889;0.7177836
1163403127;41.12098;-8.662412;-0.1511876;0.7176965
1163403131;41.12463;-8.659181;-0.1511312;0.7177601
1163403149;41.12345;-8.658256;-0.1511151;0.7177396
1163403151;41.12391;-8.655743;-0.1510712;0.7177476
1163403161;41.12542;-8.653645;-0.1510346;0.7177739
1163403165;41.12878;-8.648621;-0.1509469;0.7178326
1163403171;41.12015;-8.661642;-0.1511742;0.717682
1163403178;41.12599;-8.654967;-0.1510577;0.717784
1163403181;41.12303;-8.66477;-0.1512288;0.7177323
1163403184;41.12492;-8.646517;-0.1509102;0.7177652
1163403188;41.12701;-8.658907;-0.1511264;0.7178018
1163403189;41.12801;-8.65709;-0.1510947;0.7178193
1163403195;41.12743;-8.666269;-0.1512549;0.717809
1163403200;41.13243;-8.653455;-0.1510313;0.7178963
1163403206;41.1253;-8.664111;-0.1512173;0.7177718
1163403207;41.12669;-8.654826;-0.1510552;0.7177961
1163403211;41.12103;-8.661166;-0.1511659;0.7176974
1163403217;41.12604;-8.656709;-0.1510881;0.7177848
1163403231;41.12088;-8.659983;-0.1511452;0.7176947
1163403234;41.12903;-8.660977;-0.1511626;0.717837
1163403236;41.12646;-8.655921;-0.1510743;0.7177921
1163403238;41.13038;-8.660565;-0.1511554;0.7178606
1163403248;41.12623;-8.658979;-0.1511277;0.7177882
1163403250;41.12466;-8.655042;-0.151059;0.7177607
1163403271;41.12507;-8.646441;-0.1509089;0.7177678
1163403273;41.13036;-8.661512;-0.1511719;0.7178602
1163403275;41.12552;-8.66417;-0.1512183;0.7177757
1163403277;41.12709;-8.656746;-0.1510887;0.7178032
1163403279;41.12988;-8.659867;-0.1511432;0.7178518
1163403286;41.12585;-8.652668;-0.1510175;0.7177815
1163403293;41.13153;-8.65353;-0.1510326;0.7178805
1163403295;41.12333;-8.664252;-0.1512197;0.7177375
1163403296;41.13015;-8.658557;-0.1511203;0.7178566
1163403298;41.12059;-8.662305;-0.1511857;0.7176898
1163403301;41.1258;-8.656308;-0.1510811;0.7177806
1163403316;41.12519;-8.655863;-0.1510733;0.71777
1163403334;41.12685;-8.655109;-0.1510601;0.7177989
1163403337;41.13045;-8.660108;-0.1511474;0.7178618
1163403346;41.12008;-8.661817;-0.1511772;0.7176807
1163403348;41.12938;-8.657554;-0.1511028;0.717843
1163403353;41.12149;-8.660503;-0.1511543;0.7177055
1163403358;41.12122;-8.66004;-0.1511462;0.7177007
1163403363;41.12962;-8.659943;-0.1511445;0.7178473
1163403365;41.1238;-8.657503;-0.1511019;0.7177457
1163403376;41.13103;-8.652252;-0.1510103;0.717872
1163403385;41.13018;-8.656161;-0.1510785;0.717857
1163403388;41.13026;-8.661335;-0.1511688;0.7178584
1163403399;41.12558;-8.665051;-0.1512337;0.7177767
1163403404;41.12368;-8.66477;-0.1512288;0.7177436
1163403406;41.13012;-8.658485;-0.1511191;0.717856
1163403408;41.12627;-8.655807;-0.1510723;0.7177889
1163403428;41.12729;-8.647318;-0.1509242;0.7178065
1163403431;41.12434;-8.659105;-0.1511299;0.7177552
1163403445;41.12202;-8.664324;-0.151221;0.7177147
1163403453;41.1288;-8.646766;-0.1509145;0.717833
1163403454;41.13191;-8.658081;-0.151112;0.7178872
1163403471;41.1258;-8.66316;-0.1512007;0.7177807
1163403475;41.12402;-8.650328;-0.1509767;0.7177496
1163403481;41.12359;-8.646296;-0.1509063;0.717742
1163403488;41.12722;-8.646287;-0.1509062;0.7178053
1163403489;41.1264;-8.664583;-0.1512255;0.7177911
1163403490;41.12869;-8.657682;-0.1511051;0.7178311
1163403494;41.11966;-8.659941;-0.1511445;0.7176734
1163403504;41.12493;-8.663065;-0.151199;0.7177654
1163403510;41.13224;-8.667006;-0.1512678;0.7178929
1163403517;41.1265;-8.657878;-0.1511085;0.7177929
1163403523;41.12624;-8.665027;-0.1512332;0.7177883
1163403528;41.1301;-8.659302;-0.1511333;0.7178558
1163403549;41.12181;-8.663565;-0.1512077;0.717711
1163403567;41.12575;-8.658607;-0.1511212;0.7177797
1163403573;41.12404;-8.650507;-0.1509798;0.7177499
1163403580;41.12518;-8.655659;-0.1510697;0.7177697
1163403595;41.12724;-8.646363;-0.1509075;0.7178057
1163403605;41.13022;-8.661273;-0.1511677;0.7178577
1163403606;41.1253;-8.665031;-0.1512333;0.7177718
1163403609;41.12314;-8.664625;-0.1512262;0.7177342
1163403610;41.12942;-8.658104;-0.1511124;0.7178438
1163403611;41.12595;-8.655944;-0.1510747;0.7177832
1163403621;41.12816;-8.66375;-0.151211;0.7178218
1163403624;41.12954;-8.66023;-0.1511495;0.7178459
1163403632;41.1231;-8.658242;-0.1511148;0.7177335
1163403634;41.12515;-8.664016;-0.1512156;0.7177693
1163403636;41.12399;-8.655702;-0.1510705;0.717749
1163403642;41.12648;-8.654188;-0.1510441;0.7177924
1163403644;41.12875;-8.648748;-0.1509491;0.7178321
1163403648;41.13193;-8.657412;-0.1511003;0.7178876
1163403650;41.12679;-8.662125;-0.1511826;0.7177979
1163403663;41.12621;-8.664143;-0.1512178;0.7177877
1163403671;41.12394;-8.660817;-0.1511598;0.7177482
1163403676;41.12745;-8.666445;-0.151258;0.7178094
1163403686;41.12531;-8.664184;-0.1512185;0.717772
1163403688;41.12642;-8.659081;-0.1511295;0.7177915
1163403692;41.12098;-8.6612;-0.1511665;0.7176965
1163403697;41.12939;-8.654834;-0.1510554;0.7178433
1163403712;41.12104;-8.660063;-0.1511466;0.7176976
1163403714;41.12942;-8.660391;-0.1511523;0.7178438
1163403716;41.13037;-8.660608;-0.1511561;0.7178603
1163403724;41.12044;-8.661738;-0.1511759;0.7176871
1163403734;41.127;-8.664512;-0.1512243;0.7178016
1163403742;41.13168;-8.65952;-0.1511371;0.7178832
1163403744;41.12672;-8.662248;-0.1511847;0.7177966
1163403754;41.11975;-8.660653;-0.1511569;0.7176751
1163403755;41.12411;-8.656489;-0.1510842;0.7177511
1163403775;41.13046;-8.661556;-0.1511727;0.717862
1163403777;41.12557;-8.663999;-0.1512153;0.7177766
1163403785;41.13173;-8.653622;-0.1510342;0.7178841
1163403787;41.12915;-8.658462;-0.1511187;0.7178392
1163403791;41.12579;-8.656272;-0.1510804;0.7177805
1163403813;41.12376;-8.658157;-0.1511133;0.717745
1163403822;41.12885;-8.648151;-0.1509387;0.7178338
1163403833;41.12006;-8.661733;-0.1511758;0.7176805
1163403847;41.12162;-8.661233;-0.151167;0.7177077
1163403866;41.12819;-8.662944;-0.1511969;0.7178223
1163403875;41.12372;-8.6513;-0.1509937;0.7177443
1163403882;41.12813;-8.657044;-0.1510939;0.7178212
1163403900;41.12704;-8.666346;-0.1512563;0.7178023
1163403905;41.13092;-8.652246;-0.1510102;0.7178701
1163403929;41.13346;-8.654403;-0.1510478;0.7179143
1163403931;41.12095;-8.661351;-0.1511691;0.717696
1163403946;41.12613;-8.656613;-0.1510864;0.7177864
1163403972;41.12096;-8.660771;-0.151159;0.7176961
1163403997;41.13039;-8.660472;-0.1511537;0.7178608
1163404002;41.12397;-8.655417;-0.1510655;0.7177487
1163404007;41.12873;-8.646567;-0.1509111;0.7178319
1163404051;41.12453;-8.649755;-0.1509667;0.7177585
1163404055;41.12009;-8.661133;-0.1511653;0.7176811
1163404059;41.12552;-8.655278;-0.1510631;0.7177758
1163404071;41.12629;-8.665367;-0.1512392;0.7177891
1163404085;41.12574;-8.645939;-0.1509001;0.7177796
1163404086;41.12543;-8.664637;-0.1512264;0.7177742
1163404091;41.12671;-8.655185;-0.1510615;0.7177964
1163404095;41.12817;-8.657071;-0.1510944;0.7178219
1163404097;41.12569;-8.652761;-0.1510192;0.7177786
1163404103;41.12369;-8.664921;-0.1512314;0.7177438
1163404109;41.13316;-8.653637;-0.1510345;0.717909
1163404135;41.1208;-8.661515;-0.151172;0.7176934
1163404137;41.12582;-8.656555;-0.1510854;0.7177809
1163404157;41.12593;-8.658396;-0.1511175;0.7177829
1163404199;41.12668;-8.653574;-0.1510334;0.717796
1163404222;41.12056;-8.661962;-0.1511797;0.7176892
1163404228;41.1294;-8.657675;-0.1511049;0.7178435
1163404252;41.12524;-8.655613;-0.1510689;0.7177709
1163404256;41.1264;-8.66526;-0.1512373;0.717791
1163404263;41.13022;-8.661298;-0.1511682;0.7178577
1163404267;41.12532;-8.66507;-0.151234;0.7177723
1163404289;41.12561;-8.652901;-0.1510216;0.7177774
1163404295;41.12318;-8.66463;-0.1512263;0.717735
1163404298;41.12993;-8.658352;-0.1511167;0.7178527
1163404321;41.12861;-8.650492;-0.1509796;0.7178296
1163404359;41.12149;-8.662766;-0.1511938;0.7177053
1163404361;41.1252;-8.664041;-0.151216;0.7177702
1163404370;41.12635;-8.654224;-0.1510447;0.7177902
1163404373;41.12889;-8.647128;-0.1509209;0.7178345
1163404388;41.13038;-8.659403;-0.1511351;0.7178606
1163404393;41.12096;-8.660383;-0.1511522;0.7176962
1163404434;41.1263;-8.664238;-0.1512195;0.7177894
1163404442;41.12631;-8.655847;-0.151073;0.7177895
1163404454;41.12875;-8.657784;-0.1511068;0.7178321
1163404463;41.12096;-8.660883;-0.1511609;0.7176961
1163404496;41.13299;-8.653817;-0.1510376;0.7179061
1163404523;41.12611;-8.663256;-0.1512023;0.7177861
1163404548;41.12448;-8.65632;-0.1510813;0.7177575
1163404557;41.1263;-8.665262;-0.1512374;0.7177894
1163404560;41.13;-8.659639;-0.1511392;0.7178538
1163404588;41.1267;-8.664273;-0.1512201;0.7177963
1163404598;41.13048;-8.659435;-0.1511357;0.7178622
1163404627;41.12586;-8.658897;-0.1511263;0.7177817
1163404630;41.12313;-8.651717;-0.1510009;0.717734
1163404660;41.13025;-8.66117;-0.1511659;0.7178582
1163404663;41.12528;-8.664565;-0.1512252;0.7177715
1163404669;41.12309;-8.664687;-0.1512273;0.7177334
1163404672;41.12908;-8.658363;-0.151117;0.7178379
1163404674;41.12581;-8.657169;-0.1510961;0.7177808
1163404692;41.12734;-8.663515;-0.1512069;0.7178075
1163404693;41.12452;-8.659899;-0.1511437;0.7177582
1163404697;41.12768;-8.657072;-0.1510944;0.7178134
1163404716;41.12364;-8.658228;-0.1511146;0.7177429
1163404718;41.12379;-8.655754;-0.1510714;0.7177456
1163404732;41.12883;-8.648331;-0.1509418;0.7178336
1163404738;41.12151;-8.660362;-0.1511518;0.7177057
1163404741;41.13265;-8.657536;-0.1511025;0.7179002
1163404751;41.12156;-8.661236;-0.1511671;0.7177066
1163404763;41.12934;-8.658135;-0.151113;0.7178425
1163404766;41.12588;-8.658961;-0.1511274;0.717782
1163404769;41.12717;-8.657082;-0.1510946;0.7178045
1163404784;41.1272;-8.666338;-0.1512561;0.7178051
1163404787;41.1257;-8.656109;-0.1510776;0.7177789
1163404794;41.1211;-8.661179;-0.1511661;0.7176986
1163404795;41.12923;-8.655505;-0.1510671;0.7178406
1163404799;41.12609;-8.656671;-0.1510874;0.7177858
1163404830;41.12754;-8.66361;-0.1512085;0.7178109
1163404835;41.13039;-8.660532;-0.1511548;0.7178606
1163404850;41.13306;-8.653895;-0.151039;0.7179073
1163404852;41.12624;-8.661216;-0.1511667;0.7177882
1163404853;41.12403;-8.655396;-0.1510652;0.7177497
1163404859;41.12651;-8.66256;-0.1511902;0.7177929
1163404869;41.1256;-8.655273;-0.151063;0.717777
1163404916;41.12565;-8.64599;-0.150901;0.717778
1163404919;41.12543;-8.664529;-0.1512246;0.7177741
1163404924;41.12691;-8.656974;-0.1510927;0.7178
1163404927;41.1256;-8.652603;-0.1510164;0.717777
1163404945;41.12326;-8.664649;-0.1512267;0.7177363
1163404950;41.12935;-8.657845;-0.1511079;0.7178426
1163404953;41.12074;-8.661681;-0.1511749;0.7176923
1163404957;41.12581;-8.656422;-0.1510831;0.7177808
1163404984;41.12671;-8.665026;-0.1512332;0.7177965
1163404987;41.12681;-8.666358;-0.1512565;0.7177982
1163404997;41.12667;-8.653497;-0.151032;0.7177958
1163405007;41.12011;-8.661849;-0.1511778;0.7176813
1163405012;41.1217;-8.661136;-0.1511653;0.7177091
1163405056;41.13118;-8.652307;-0.1510112;0.7178745
1163405061;41.13352;-8.65413;-0.1510431;0.7179153
1163405065;41.12107;-8.66105;-0.1511638;0.717698
1163405069;41.13002;-8.658413;-0.1511178;0.7178543
1163405071;41.12071;-8.661288;-0.151168;0.7176918
1163405073;41.12619;-8.655965;-0.1510751;0.7177874
1163405098;41.12644;-8.664716;-0.1512278;0.7177918
1163405116;41.1297;-8.660246;-0.1511498;0.7178487
1163405122;41.12583;-8.659183;-0.1511312;0.7177812
1163405131;41.12809;-8.656925;-0.1510918;0.7178206
1163405135;41.12414;-8.659942;-0.1511445;0.7177517
1164320278;41.12018;-8.660441;-0.1511532;0.7176825
1164332697;41.12074;-8.661439;-0.1511706;0.7176923
1164332699;41.12089;-8.661034;-0.1511635;0.7176949
1164332710;41.12079;-8.66101;-0.1511631;0.7176932
1164332763;41.11957;-8.660447;-0.1511533;0.7176719
1164520314;41.13272;-8.663499;-0.1512066;0.7179014
1164520364;41.13242;-8.663462;-0.1512059;0.7178962
1164520393;41.12905;-8.667706;-0.15128;0.7178373
1164520460;41.13261;-8.66344;-0.1512056;0.7178995
1164520469;41.12585;-8.666431;-0.1512578;0.7177814
1164520483;41.11984;-8.663969;-0.1512148;0.7176766
1164520488;41.13536;-8.663062;-0.151199;0.7179475
1164520525;41.12375;-8.666521;-0.1512593;0.7177449
1164520544;41.13187;-8.662901;-0.1511961;0.7178866
1164520553;41.12745;-8.667083;-0.1512691;0.7178094
1164520562;41.12463;-8.666551;-0.1512598;0.7177601
1164520577;41.12648;-8.666661;-0.1512618;0.7177924
1164520640;41.13236;-8.663433;-0.1512054;0.7178952
1164520647;41.12296;-8.666353;-0.1512564;0.7177311
1164520682;41.12815;-8.667361;-0.151274;0.7178217
1164520697;41.12246;-8.666182;-0.1512534;0.7177222
1164520718;41.12209;-8.665994;-0.1512501;0.7177158
1164520731;41.12078;-8.664814;-0.1512295;0.717693
1164520793;41.13442;-8.669976;-0.1513196;0.7179311
1164520896;41.12016;-8.664259;-0.1512198;0.7176822
1263990253;41.10874;-8.661465;-0.1511711;0.7174829
1263990258;41.11623;-8.662311;-0.1511858;0.7176136
1263990274;41.11739;-8.662299;-0.1511856;0.7176339
1263990295;41.11861;-8.662853;-0.1511953;0.7176551
1263990471;41.1096;-8.661681;-0.1511749;0.7174978
1263990485;41.11512;-8.662398;-0.1511874;0.7175943
1263990721;41.11101;-8.662052;-0.1511813;0.7175224
1263990861;41.11208;-8.662246;-0.1511847;0.7175412
1263991017;41.11377;-8.662369;-0.1511869;0.7175706
1691899582;41.13054;-8.646331;-0.1509069;0.7178633
2085233062;41.12395;-8.649603;-0.1509641;0.7177483
2085233063;41.12408;-8.649577;-0.1509636;0.7177506
2085233064;41.12416;-8.649817;-0.1509678;0.717752
2085233065;41.12421;-8.649921;-0.1509696;0.7177529
2085233066;41.12626;-8.651744;-0.1510014;0.7177886
2085233067;41.12652;-8.651786;-0.1510022;0.7177932
2085233068;41.12674;-8.651808;-0.1510025;0.7177971
2085233069;41.12679;-8.651315;-0.1509939;0.7177979
2085233070;41.12679;-8.652128;-0.1510081;0.7177979
2085233071;41.1268;-8.652169;-0.1510088;0.7177982
2085233072;41.12683;-8.652194;-0.1510093;0.7177986
2085233073;41.12684;-8.651528;-0.1509977;0.7177988
2085233074;41.12695;-8.651322;-0.1509941;0.7178006
2085233075;41.12695;-8.651309;-0.1509938;0.7178007
2085233076;41.12696;-8.651292;-0.1509935;0.7178009
2085233077;41.12698;-8.651171;-0.1509914;0.7178013
2085233078;41.12723;-8.651204;-0.150992;0.7178056
2085233079;41.12724;-8.65124;-0.1509926;0.7178057
2085233080;41.12726;-8.651257;-0.1509929;0.7178062
2085233081;41.12728;-8.650706;-0.1509833;0.7178064
2085233082;41.12741;-8.652318;-0.1510114;0.7178088
2085233083;41.12742;-8.651304;-0.1509937;0.717809
2085233084;41.12743;-8.651253;-0.1509928;0.7178091
2085233085;41.1277;-8.667043;-0.1512684;0.7178138
2085233086;41.12772;-8.667026;-0.1512681;0.7178142
2085233087;41.12797;-8.66525;-0.1512371;0.7178184
2085233088;41.12807;-8.667159;-0.1512705;0.7178202
2085233089;41.12812;-8.667162;-0.1512705;0.7178211
2085233090;41.12814;-8.666316;-0.1512557;0.7178215
2085233091;41.12815;-8.666252;-0.1512546;0.7178217
2085233092;41.12816;-8.666367;-0.1512566;0.7178218
2085233093;41.12816;-8.667148;-0.1512703;0.7178218
2085233094;41.1282;-8.667116;-0.1512697;0.7178224
2085233095;41.12822;-8.667074;-0.151269;0.7178228
2085233096;41.12824;-8.665861;-0.1512478;0.7178232
2085233097;41.12824;-8.665796;-0.1512467;0.7178232
2085233098;41.12826;-8.666493;-0.1512588;0.7178236
2085233099;41.12829;-8.666544;-0.1512597;0.7178241
2085233100;41.12829;-8.666674;-0.151262;0.7178241
2085233101;41.1283;-8.666603;-0.1512608;0.7178242
2214680631;41.129;-8.667686;-0.1512797;0.7178365
2622781618;41.13269;-8.663315;-0.1512034;0.7179009
2622781621;41.13274;-8.663183;-0.1512011;0.7179017
2622781624;41.13276;-8.66307;-0.1511991;0.7179021
2622781626;41.13288;-8.662971;-0.1511974;0.7179043
2622781629;41.133;-8.662899;-0.1511961;0.7179062
2622781632;41.13304;-8.662866;-0.1511955;0.717907
2637456697;41.13076;-8.647041;-0.1509193;0.7178671
2637477056;41.13084;-8.647438;-0.1509263;0.7178686
2637477058;41.13206;-8.64773;-0.1509314;0.7178898
2637477060;41.13226;-8.64767;-0.1509303;0.7178933
2637477062;41.13241;-8.647568;-0.1509285;0.717896
2637477064;41.13258;-8.64646;-0.1509092;0.717899
2637477065;41.13115;-8.646099;-0.1509029;0.7178739
2637477066;41.131;-8.647302;-0.1509239;0.7178714
2637477067;41.13232;-8.64763;-0.1509296;0.7178945
2637477069;41.13166;-8.647637;-0.1509297;0.7178829
2637477070;41.13168;-8.647505;-0.1509274;0.7178833
2700448456;41.13055;-8.64642;-0.1509085;0.7178635
2700448493;41.13113;-8.646223;-0.1509051;0.7178737
3073450307;41.13037;-8.653538;-0.1510327;0.7178604
3175837334;41.13216;-8.669649;-0.1513139;0.7178916
3282820163;41.12232;-8.665876;-0.1512481;0.7177199
3400529760;41.13105;-8.646833;-0.1509157;0.7178722
3400529761;41.13106;-8.646947;-0.1509177;0.7178724
3752239627;41.13327;-8.662776;-0.151194;0.7179111
3752239628;41.13317;-8.662739;-0.1511933;0.7179093
3752239629;41.13309;-8.66272;-0.151193;0.717908
3752239630;41.133;-8.662701;-0.1511927;0.7179062
3752239631;41.13292;-8.662696;-0.1511926;0.7179049
3752239632;41.13285;-8.662696;-0.1511926;0.7179036
3752239633;41.13276;-8.662715;-0.1511929;0.717902
3752239634;41.13265;-8.662746;-0.1511935;0.7179002
3752239635;41.13258;-8.662771;-0.1511939;0.717899
3752239636;41.13248;-8.662787;-0.1511942;0.7178973
3752239637;41.13241;-8.662787;-0.1511942;0.717896
3752239638;41.13232;-8.662787;-0.1511942;0.7178944
3752239639;41.13221;-8.662768;-0.1511938;0.7178925
4103936091;41.13206;-8.656573;-0.1510857;0.7178898
4103936092;41.13119;-8.656271;-0.1510804;0.7178747
4103936093;41.13148;-8.665982;-0.1512499;0.7178798
4103936094;41.13145;-8.665724;-0.1512454;0.7178792
4103936095;41.13145;-8.665586;-0.151243;0.7178792
4103936096;41.13179;-8.664349;-0.1512214;0.7178851
4103936097;41.13177;-8.663472;-0.1512061;0.7178849
4103936098;41.13198;-8.662033;-0.151181;0.7178884
4103936099;41.13197;-8.661841;-0.1511776;0.7178884
4103936100;41.13196;-8.661722;-0.1511756;0.7178882
4103936101;41.13173;-8.660522;-0.1511546;0.7178841
4103936102;41.1317;-8.660111;-0.1511475;0.7178836
4103936103;41.13186;-8.659243;-0.1511323;0.7178864
4103936104;41.13255;-8.652896;-0.1510215;0.7178985
4103936105;41.13261;-8.65275;-0.151019;0.7178996
4103936106;41.13263;-8.652673;-0.1510176;0.7178997
4103936107;41.13275;-8.652541;-0.1510153;0.7179019
4103936108;41.13262;-8.652617;-0.1510167;0.7178997
4103936109;41.13293;-8.652543;-0.1510154;0.717905
4103936110;41.1323;-8.652121;-0.151008;0.7178941
4103936111;41.13213;-8.652064;-0.151007;0.7178912
4103936112;41.13199;-8.652089;-0.1510074;0.7178887
4103936113;41.13156;-8.651992;-0.1510057;0.7178811
4103936114;41.1315;-8.651939;-0.1510048;0.7178801
4103936115;41.13126;-8.651714;-0.1510009;0.7178758
4103936116;41.13112;-8.651659;-0.1509999;0.7178735
4103936117;41.13081;-8.651615;-0.1509992;0.7178681
4103936118;41.13047;-8.651401;-0.1509954;0.7178622
4103936119;41.13038;-8.651134;-0.1509908;0.7178606
4103936120;41.13056;-8.650557;-0.1509807;0.7178637
4103936121;41.13087;-8.647589;-0.1509289;0.717869
4103936122;41.13088;-8.647822;-0.150933;0.7178693
4103936123;41.13067;-8.649444;-0.1509613;0.7178656
4103936124;41.1307;-8.64924;-0.1509577;0.7178661
4103936125;41.13072;-8.649079;-0.1509549;0.7178665
4105363320;41.12495;-8.650735;-0.1509838;0.7177659
4105363321;41.12526;-8.65064;-0.1509821;0.7177712
4105363322;41.12508;-8.650609;-0.1509816;0.7177681
4105363323;41.12471;-8.650714;-0.1509834;0.7177615
4477811711;41.13415;-8.663231;-0.1512019;0.7179264
4477811712;41.13508;-8.663229;-0.1512019;0.7179426
4477811713;41.13562;-8.662718;-0.1511929;0.7179521
4477811714;41.13575;-8.662309;-0.1511858;0.7179543
4477811715;41.13577;-8.661778;-0.1511766;0.7179545
4477811716;41.13577;-8.661611;-0.1511736;0.7179547
4477811717;41.13582;-8.661212;-0.1511667;0.7179555
4477811718;41.13598;-8.660732;-0.1511583;0.7179583
4537061598;41.13243;-8.647524;-0.1509278;0.7178963
4537061599;41.13216;-8.647717;-0.1509311;0.7178916
4537061600;41.12714;-8.648448;-0.1509439;0.717804
4537061601;41.12651;-8.644476;-0.1508746;0.717793
4537061602;41.12656;-8.644548;-0.1508758;0.7177938
4537061603;41.12665;-8.64477;-0.1508797;0.7177954
4537061604;41.12677;-8.644946;-0.1508828;0.7177976
4537061605;41.1269;-8.645084;-0.1508852;0.7177999
4537061606;41.12707;-8.645188;-0.150887;0.7178028
4537061607;41.12713;-8.645295;-0.1508889;0.7178038
4537061608;41.12719;-8.64549;-0.1508923;0.7178048
4537061609;41.12719;-8.645589;-0.150894;0.7178049
4537061610;41.1272;-8.6457;-0.1508959;0.717805
4537061611;41.12723;-8.645966;-0.1509006;0.7178056
4537061612;41.12725;-8.646233;-0.1509052;0.717806
4537061613;41.12735;-8.647182;-0.1509218;0.7178077
4537061614;41.12716;-8.645392;-0.1508906;0.7178044
4831194135;41.13184;-8.668703;-0.1512974;0.7178861
4831194136;41.13301;-8.669232;-0.1513066;0.7179065
4831194137;41.13326;-8.668386;-0.1512919;0.7179109
4831194138;41.13242;-8.667997;-0.1512851;0.7178962
4831194139;41.13242;-8.667916;-0.1512837;0.7178962
4831194140;41.13197;-8.668248;-0.1512895;0.7178883
4831194141;41.13323;-8.668835;-0.1512997;0.7179103
4831194142;41.13347;-8.668945;-0.1513016;0.7179145
4831194143;41.13425;-8.669028;-0.1513031;0.7179282
4831194144;41.13186;-8.666258;-0.1512547;0.7178863
4831194145;41.13256;-8.667253;-0.1512721;0.7178985
4831194146;41.13419;-8.668634;-0.1512962;0.717927
4831194147;41.13433;-8.668626;-0.1512961;0.7179294
4831194151;41.13378;-8.668293;-0.1512903;0.7179199
4831194152;41.13285;-8.667512;-0.1512766;0.7179037
4831194153;41.13359;-8.666463;-0.1512583;0.7179167
4831194154;41.1344;-8.667454;-0.1512756;0.7179306
4831194155;41.13419;-8.669948;-0.1513191;0.717927
4831194156;41.13249;-8.667438;-0.1512753;0.7178974
4831194174;41.13479;-8.667991;-0.151285;0.7179376
4831194177;41.13364;-8.666538;-0.1512596;0.7179175
4831194182;41.13388;-8.660917;-0.1511615;0.7179217
4831219428;41.13366;-8.655637;-0.1510694;0.7179178
4831300854;41.13093;-8.649083;-0.150955;0.7178701
4831300855;41.13121;-8.648914;-0.150952;0.7178751
4831300856;41.13139;-8.648764;-0.1509494;0.7178781
4831300857;41.13152;-8.64872;-0.1509486;0.7178804
4831300858;41.13168;-8.648731;-0.1509488;0.7178832
4831300859;41.13202;-8.648799;-0.15095;0.7178891
4831300860;41.1321;-8.648803;-0.1509501;0.7178905
4831300861;41.13232;-8.648673;-0.1509478;0.7178944
4831300869;41.13148;-8.651924;-0.1510046;0.7178798
4831300870;41.13155;-8.651775;-0.151002;0.717881
4831300871;41.13159;-8.651735;-0.1510013;0.7178816
4831300872;41.13167;-8.651539;-0.1509978;0.7178831
4831300873;41.13234;-8.651921;-0.1510045;0.7178947
4831300874;41.13253;-8.651963;-0.1510052;0.7178981
4838424839;41.12973;-8.660141;-0.151148;0.7178492
4838424842;41.12579;-8.663124;-0.1512;0.7177804
4838424843;41.12378;-8.664408;-0.1512224;0.7177454
4838424844;41.1241;-8.664472;-0.1512236;0.7177508
4838424845;41.12704;-8.660797;-0.1511594;0.7178023
4838424846;41.12715;-8.660863;-0.1511606;0.7178042
4838424847;41.12722;-8.660892;-0.1511611;0.7178054
4838424848;41.12731;-8.660515;-0.1511545;0.717807
4838424849;41.12645;-8.65786;-0.1511082;0.7177919
4838424850;41.12657;-8.657475;-0.1511015;0.717794
4838424851;41.12391;-8.650786;-0.1509847;0.7177477
4838424852;41.13148;-8.653578;-0.1510334;0.7178798
4838477791;41.1288;-8.649216;-0.1509573;0.7178329
4838477793;41.12814;-8.649034;-0.1509541;0.7178215
4838477794;41.12873;-8.649702;-0.1509658;0.7178317
4838477797;41.12867;-8.650095;-0.1509726;0.7178307
4838477798;41.12899;-8.647538;-0.150928;0.7178363
4838477808;41.12792;-8.64722;-0.1509224;0.7178177
4838477809;41.12765;-8.645103;-0.1508855;0.7178128
4838477810;41.12784;-8.646616;-0.1509119;0.7178162
4838477812;41.12774;-8.645857;-0.1508987;0.7178145
4838477816;41.1237;-8.646782;-0.1509148;0.7177439
4838615873;41.12313;-8.648783;-0.1509497;0.7177341
4838615874;41.12329;-8.648674;-0.1509478;0.7177368
4838615884;41.12153;-8.650572;-0.150981;0.7177061
4838615885;41.1216;-8.650006;-0.1509711;0.7177074
4838615886;41.12215;-8.650884;-0.1509864;0.7177169
4838615887;41.12186;-8.651008;-0.1509886;0.7177119
4838615888;41.12185;-8.651046;-0.1509892;0.7177117
4838615889;41.12188;-8.651371;-0.1509949;0.7177121
4838615890;41.1223;-8.654143;-0.1510433;0.7177195
4838615891;41.12184;-8.653877;-0.1510386;0.7177115
4838615892;41.12125;-8.653666;-0.151035;0.7177013
4838615893;41.12192;-8.653908;-0.1510392;0.7177129
4838615899;41.12165;-8.652522;-0.151015;0.7177081
4838615900;41.12201;-8.652225;-0.1510098;0.7177144
4838615901;41.12099;-8.650899;-0.1509867;0.7176967
4838615902;41.12091;-8.651669;-0.1510001;0.7176954
4838615903;41.12115;-8.650952;-0.1509876;0.7176995
4838615904;41.12127;-8.649815;-0.1509677;0.7177016
4838615905;41.12094;-8.649727;-0.1509662;0.7176958
4838615906;41.12088;-8.6496;-0.150964;0.7176948
4838615907;41.12088;-8.64946;-0.1509615;0.7176948
4838615908;41.12078;-8.64943;-0.150961;0.717693
4838615909;41.12071;-8.649396;-0.1509604;0.7176918
4838615910;41.1206;-8.649271;-0.1509583;0.7176899
4838615911;41.12038;-8.649169;-0.1509565;0.7176861
4838615912;41.12026;-8.649221;-0.1509574;0.7176839
4838615913;41.12021;-8.649223;-0.1509574;0.7176831
4838615914;41.12001;-8.649125;-0.1509557;0.7176796
4838615915;41.1209;-8.649419;-0.1509608;0.7176951
4838615916;41.12095;-8.649405;-0.1509606;0.717696
4838615917;41.12103;-8.649423;-0.1509609;0.7176973
4838615918;41.12053;-8.648478;-0.1509444;0.7176886
4838615919;41.12056;-8.648365;-0.1509424;0.7176892
4838615920;41.12055;-8.648068;-0.1509373;0.717689
4838616621;41.12058;-8.647928;-0.1509348;0.7176896
4838616622;41.12075;-8.647952;-0.1509352;0.7176924
4838616625;41.12056;-8.648092;-0.1509377;0.7176891
4965877136;41.13425;-8.66866;-0.1512967;0.7179281
4965877137;41.13309;-8.669246;-0.1513069;0.7179078
4965877138;41.1333;-8.668447;-0.1512929;0.7179116
4965877139;41.13314;-8.669188;-0.1513059;0.7179088
4965877140;41.13331;-8.668567;-0.151295;0.7179117
4965877149;41.13169;-8.669573;-0.1513126;0.7178835
4965877150;41.13177;-8.666203;-0.1512538;0.7178848
4965877151;41.13198;-8.666404;-0.1512573;0.7178885
4965877152;41.13194;-8.667786;-0.1512814;0.7178878
4965877153;41.13203;-8.667925;-0.1512838;0.7178894
4965877154;41.13203;-8.668006;-0.1512852;0.7178894
5296143932;41.12326;-8.646184;-0.1509044;0.7177363
5296143933;41.12346;-8.647015;-0.1509189;0.7177397
5296143934;41.12352;-8.647149;-0.1509212;0.7177409
