1;488;2468;
2;2468;9;
3;346;1;
4;1;2;
5;1;1647;
6;1647;1646;
7;1646;5;
8;5;1636;
9;1636;419;
10;11;423;
11;423;2695;
12;2695;424;
13;16;20;
14;425;1770;
15;1770;1769;
16;1769;1768;
17;1768;395;
18;395;1771;
19;1771;394;
20;394;1772;
21;1772;33;
22;33;1767;
23;1767;19;
24;19;2331;
25;2331;15;
26;15;16;
27;14;2178;
28;2178;15;
29;15;17;
30;23;2255;
31;2255;2153;
32;2153;353;
33;353;354;
34;354;21;
35;16;530;
36;530;3260;
37;3260;3259;
38;3259;25;
39;35;594;
40;594;447;
41;1153;438;
42;438;1727;
43;3;2324;
44;2324;2475;
45;2475;36;
46;2321;2318;
47;2318;2320;
48;2320;2319;
49;2319;2322;
50;2322;2398;
51;2398;106;
52;106;51;
53;51;2674;
54;2674;2397;
55;2397;2781;
56;2781;40;
57;40;397;
58;397;41;
59;41;2663;
60;2663;2790;
61;2790;1615;
62;1615;42;
63;42;1612;
64;1612;1607;
65;1607;43;
66;43;2656;
67;2656;2655;
68;2655;410;
69;37;2394;
70;2394;2396;
71;2396;2395;
72;2395;2393;
73;2393;2797;
74;2797;2777;
75;2777;45;
76;45;2172;
77;2172;46;
78;114;2838;
79;2838;2826;
80;2826;2833;
81;2833;2839;
82;2839;59;
83;119;2996;
84;2996;208;
85;208;803;
86;803;3001;
87;3001;80;
88;80;3002;
89;3002;2588;
90;2588;81;
91;81;3005;
92;3005;1257;
93;757;342;
94;342;746;
95;746;742;
96;742;82;
97;77;2993;
98;2993;2595;
99;2595;341;
100;341;757;
101;93;94;
102;94;95;
103;97;2583;
104;2583;98;
105;528;1916;
106;1916;527;
107;527;1171;
108;1171;2127;
109;103;2559;
110;2559;2131;
111;244;2299;
112;2299;2300;
113;2300;2301;
114;2301;2465;
115;2465;36;
116;439;2868;
117;2868;606;
118;606;96;
119;116;960;
120;960;1125;
121;1125;2139;
122;2139;2459;
123;2459;618;
124;618;619;
125;619;627;
126;627;3030;
127;3030;117;
128;117;957;
129;957;956;
130;956;494;
131;494;107;
132;1129;2140;
133;2140;1130;
134;1130;2460;
135;2460;2949;
136;104;1166;
137;1166;118;
138;118;1164;
139;1164;1165;
140;1165;561;
141;561;1167;
142;1167;562;
143;562;217;
144;217;932;
145;932;958;
146;107;2477;
147;2477;961;
148;961;797;
149;797;2706;
150;2706;12;
151;12;802;
152;802;2469;
153;2469;1073;
154;1073;2713;
155;36;2311;
156;2311;2271;
157;2271;351;
158;351;2304;
159;2304;491;
160;491;2269;
161;2269;2263;
162;126;1756;
163;1756;1744;
164;1744;1743;
165;1743;125;
166;125;124;
167;124;1760;
168;1760;543;
169;543;539;
170;539;123;
171;123;542;
172;542;122;
173;122;1766;
174;1766;504;
175;504;425;
176;1037;1039;
177;1039;3108;
178;3108;3173;
179;3173;133;
180;132;1042;
181;1042;3114;
182;3114;484;
183;484;1036;
184;132;3140;
185;3140;3153;
186;3153;770;
187;770;3174;
188;3174;3175;
189;3175;794;
190;794;791;
191;135;1421;
192;1421;1045;
193;1045;1420;
194;1420;133;
195;133;2520;
196;2520;1423;
197;1423;1424;
198;1434;3024;
199;3024;113;
200;113;344;
201;138;1429;
202;1429;3021;
203;3021;2354;
204;2354;135;
205;135;2356;
206;2356;2357;
207;2357;140;
208;140;2355;
209;2355;141;
210;141;791;
211;115;2968;
212;2968;3166;
213;3166;60;
214;60;58;
215;58;2953;
216;2953;59;
217;59;2751;
218;2751;47;
219;47;2750;
220;2750;2359;
221;2359;2360;
222;2360;2440;
223;2440;2441;
224;2441;2170;
225;2170;2952;
226;2952;44;
227;44;3010;
228;3010;2805;
229;2805;408;
230;100;2577;
231;2577;146;
232;146;2145;
233;2145;152;
234;152;2143;
235;2143;151;
236;151;2144;
237;2144;2435;
238;2435;1993;
239;1993;2556;
240;2556;150;
241;150;2124;
242;2124;2121;
243;2121;2123;
244;2123;149;
245;149;148;
246;148;2122;
247;2122;566;
248;566;2553;
249;2553;565;
250;565;147;
251;154;2613;
252;2613;1104;
253;1104;1102;
254;1102;1101;
255;1101;1103;
256;1103;1099;
257;1099;1100;
258;1100;1105;
259;1105;156;
260;155;2614;
261;2614;1109;
262;1109;1108;
263;1108;1106;
264;1106;1107;
265;157;194;
266;194;158;
267;158;959;
268;959;2137;
269;2137;2523;
270;2523;107;
271;163;162;
272;162;2371;
273;2371;2370;
274;2370;2372;
275;2372;161;
276;161;685;
277;685;2511;
278;2511;603;
279;603;677;
280;410;2654;
281;2654;2402;
282;2402;676;
283;676;664;
284;664;2648;
285;2648;2647;
286;2647;3312;
287;3312;2392;
288;2392;2945;
289;2945;2864;
290;142;1422;
291;1422;2391;
292;2391;647;
293;647;3019;
294;3019;136;
295;136;3020;
296;3020;2972;
297;2972;570;
298;570;178;
299;178;2973;
300;2973;177;
301;177;3167;
302;3167;176;
303;176;3247;
304;3247;572;
305;49;45;
306;45;2173;
307;2173;3301;
308;3301;2869;
309;2869;44;
310;505;2988;
311;2988;503;
312;503;2989;
313;2989;502;
314;502;1147;
315;1147;499;
316;499;1653;
317;1653;498;
318;1756;2619;
319;2619;478;
320;478;1410;
321;1410;183;
322;183;1408;
323;1408;1411;
324;1411;182;
325;182;34;
326;422;434;
327;7;1502;
328;1502;6;
329;6;422;
330;95;1791;
331;1791;188;
332;189;2648;
333;2648;191;
334;191;1475;
335;1475;2970;
336;2970;190;
337;940;193;
338;193;327;
339;327;194;
340;884;207;
341;207;206;
342;206;205;
343;205;204;
344;204;203;
345;203;202;
346;202;201;
347;201;414;
348;414;200;
349;200;266;
350;266;199;
351;199;198;
352;198;197;
353;197;196;
354;196;273;
355;273;321;
356;321;195;
357;195;159;
358;208;3159;
359;3159;209;
360;209;210;
361;210;1837;
362;1837;211;
363;211;283;
364;283;213;
365;213;2341;
366;2341;216;
367;216;816;
368;816;416;
369;416;212;
370;80;1524;
371;1524;3003;
372;3003;2598;
373;2598;759;
374;759;2999;
375;2999;3220;
376;3220;78;
377;2585;2586;
378;2586;1839;
379;1839;1840;
380;1840;214;
381;214;2587;
382;2587;215;
383;215;412;
384;412;763;
385;763;2338;
386;2338;2591;
387;2591;2592;
388;2592;216;
389;481;222;
390;222;126;
391;425;34;
392;34;396;
393;396;27;
394;63;64;
395;64;2549;
396;2549;65;
397;65;66;
398;66;67;
399;67;2010;
400;2010;92;
401;278;279;
402;279;875;
403;875;872;
404;872;876;
405;876;885;
406;35;250;
407;250;3261;
408;3261;25;
409;1045;1043;
410;1043;1044;
411;1044;3125;
412;3125;3121;
413;3121;132;
414;3225;379;
415;379;163;
416;13;221;
417;2;223;
418;223;2196;
419;2196;2216;
420;225;1645;
421;1645;2165;
422;2165;2166;
423;2166;1642;
424;1642;226;
425;226;1643;
426;1643;31;
427;227;756;
428;756;373;
429;218;1808;
430;1808;326;
431;326;439;
432;791;3176;
433;3176;787;
434;787;3172;
435;3172;470;
436;470;1458;
437;1458;1467;
438;1467;1468;
439;1468;1450;
440;1450;1452;
441;1452;1466;
442;1466;1455;
443;1455;639;
444;639;171;
445;171;3244;
446;3244;173;
447;4;3;
448;3;356;
449;356;2268;
450;2268;9;
451;9;1094;
452;1094;1087;
453;1087;6;
454;6;10;
455;10;2534;
456;2534;2533;
457;2533;12;
458;25;3112;
459;3112;532;
460;532;3111;
461;3111;28;
462;28;3262;
463;3262;3110;
464;3110;3263;
465;3263;143;
466;129;128;
467;77;3037;
468;3037;2497;
469;173;1820;
470;1820;3243;
471;3243;3054;
472;3054;493;
473;493;169;
474;169;463;
475;463;766;
476;766;768;
477;768;767;
478;767;3225;
479;32;509;
480;509;1649;
481;1649;1652;
482;1652;31;
483;31;1651;
484;1651;1650;
485;1650;1648;
486;1648;2;
487;234;3248;
488;3248;3161;
489;3161;3249;
490;3249;3160;
491;3160;3162;
492;3162;3250;
493;3250;2434;
494;2434;3163;
495;3163;235;
496;235;236;
497;236;2433;
498;2433;237;
499;237;238;
500;238;239;
501;239;240;
502;240;241;
503;241;242;
504;242;2418;
505;2418;2431;
506;2431;2430;
507;1051;2463;
508;2463;52;
509;52;2305;
510;2305;2297;
511;2297;108;
512;108;109;
513;109;1050;
514;1050;244;
515;244;492;
516;492;2316;
517;2316;361;
518;361;2317;
519;2317;243;
520;38;2437;
521;2437;37;
522;219;247;
523;247;248;
524;248;249;
525;249;3256;
526;3256;3255;
527;3255;3251;
528;3251;3252;
529;3252;3258;
530;3258;3254;
531;3254;3257;
532;3257;3253;
533;3253;3109;
534;3109;250;
535;251;2803;
536;2803;2399;
537;2399;252;
538;519;255;
539;259;571;
540;571;2844;
541;2844;2845;
542;2845;2783;
543;2783;1416;
544;1416;1838;
545;11;263;
546;263;495;
547;495;2525;
548;2525;2524;
549;2524;494;
550;2938;2939;
551;2939;2853;
552;2853;2535;
553;2535;3318;
554;3318;1501;
555;1501;3222;
556;3222;3221;
557;934;933;
558;933;937;
559;937;946;
560;946;265;
561;946;954;
562;954;953;
563;953;952;
564;952;955;
565;955;268;
566;268;274;
567;274;269;
568;269;270;
569;270;328;
570;328;159;
571;271;272;
572;272;894;
573;922;275;
574;1195;1196;
575;1196;1197;
576;1197;862;
577;862;868;
578;868;871;
579;871;865;
580;865;869;
581;869;863;
582;863;864;
583;864;867;
584;867;2344;
585;2344;866;
586;866;870;
587;870;835;
588;845;287;
589;287;286;
590;286;285;
591;285;2540;
592;2540;2541;
593;2541;2333;
594;2333;357;
595;357;1204;
596;1204;1212;
597;1212;1211;
598;1211;1206;
599;1206;1205;
600;284;288;
601;288;918;
602;918;896;
603;118;1658;
604;1658;1657;
605;1657;1656;
606;1656;1659;
607;1659;559;
608;559;1163;
609;1163;3034;
610;3034;289;
611;289;910;
612;910;874;
613;874;914;
614;914;913;
615;913;915;
616;915;919;
617;919;916;
618;916;917;
619;917;918;
620;298;290;
621;290;496;
622;496;291;
623;291;292;
624;292;293;
625;293;1192;
626;1192;3032;
627;3032;1182;
628;1182;1190;
629;1190;3106;
630;3106;3105;
631;3105;1188;
632;1188;3104;
633;3104;1189;
634;1189;1191;
635;1191;1193;
636;1193;3103;
637;3103;1194;
638;1194;1195;
639;1195;284;
640;862;363;
641;363;1200;
642;1200;1199;
643;1199;1198;
644;1198;1915;
645;297;298;
646;305;2551;
647;2551;564;
648;564;2519;
649;2519;306;
650;306;307;
651;307;308;
652;308;309;
653;309;2011;
654;2011;310;
655;310;311;
656;311;312;
657;312;2550;
658;2550;563;
659;563;313;
660;313;314;
661;314;2009;
662;2009;2006;
663;2006;315;
664;315;2004;
665;2004;2008;
666;2008;316;
667;316;2007;
668;2007;2005;
669;2005;317;
670;317;318;
671;318;319;
672;319;320;
673;321;2609;
674;2609;322;
675;322;323;
676;323;324;
677;324;2512;
678;2512;325;
679;704;732;
680;732;722;
681;722;718;
682;718;714;
683;714;753;
684;3225;3155;
685;3155;1801;
686;1801;1797;
687;1797;740;
688;333;334;
689;334;750;
690;750;335;
691;335;1544;
692;1544;336;
693;336;337;
694;337;339;
695;379;2639;
696;2639;709;
697;709;738;
698;1807;3207;
699;3207;3206;
700;3206;740;
701;317;2547;
702;2547;418;
703;418;2546;
704;2546;92;
705;481;2454;
706;2454;2455;
707;2455;104;
708;344;1472;
709;18;19;
710;19;1763;
711;1763;13;
712;144;3264;
713;3264;3265;
714;3265;2696;
715;2696;531;
716;531;2698;
717;2698;21;
718;21;22;
719;22;3266;
720;3266;14;
721;2263;2267;
722;2267;2265;
723;2265;2266;
724;2266;2264;
725;2264;347;
726;347;356;
727;356;1633;
728;420;1095;
729;1095;2987;
730;2987;1632;
731;1632;1631;
732;54;1256;
733;1256;257;
734;257;1604;
735;1604;53;
736;53;2474;
737;2474;352;
738;352;2278;
739;2278;489;
740;489;2303;
741;2303;1051;
742;2263;523;
743;523;2464;
744;2464;2274;
745;2274;355;
746;355;349;
747;349;2462;
748;2462;350;
749;350;1553;
750;1553;254;
751;254;1255;
752;1255;488;
753;488;192;
754;187;359;
755;359;597;
756;92;596;
757;596;595;
758;595;345;
759;345;1236;
760;1236;68;
761;68;69;
762;69;2543;
763;2543;70;
764;70;71;
765;71;1895;
766;1895;72;
767;72;551;
768;551;73;
769;73;74;
770;74;1861;
771;1861;1847;
772;1847;212;
773;212;75;
774;75;76;
775;3211;3208;
776;3208;3210;
777;3210;3209;
778;3209;3035;
779;3035;387;
780;365;376;
781;376;2907;
782;2907;370;
783;370;372;
784;372;2909;
785;2909;2908;
786;2908;2910;
787;2910;2481;
788;2481;366;
789;366;378;
790;378;2912;
791;2912;2913;
792;2913;2911;
793;2911;388;
794;388;382;
795;382;2914;
796;2914;2915;
797;2915;2916;
798;2916;367;
799;367;2917;
800;2917;392;
801;392;2918;
802;2918;2919;
803;2919;391;
804;391;3223;
805;3223;384;
806;384;369;
807;369;383;
808;373;2690;
809;2690;548;
810;548;218;
811;399;613;
812;613;398;
813;398;2616;
814;2616;1140;
815;1140;1142;
816;1142;1143;
817;1143;1141;
818;119;3157;
819;3157;415;
820;415;281;
821;281;282;
822;282;413;
823;413;278;
824;3051;403;
825;403;3048;
826;3048;3242;
827;3242;402;
828;402;173;
829;77;1522;
830;1522;1543;
831;1543;2995;
832;2995;121;
833;408;3009;
834;3009;2959;
835;2959;411;
836;192;1557;
837;1557;2470;
838;2470;2467;
839;2467;1599;
840;1599;54;
841;410;407;
842;407;1608;
843;1608;512;
844;512;2653;
845;2653;674;
846;674;2652;
847;2652;3012;
848;3012;1489;
849;859;818;
850;818;283;
851;265;267;
852;267;275;
853;275;277;
854;277;271;
855;271;814;
856;225;2618;
857;2618;2617;
858;2617;617;
859;617;1732;
860;1732;501;
861;185;432;
862;432;429;
863;424;2986;
864;2986;421;
865;421;1637;
866;1637;1639;
867;1639;1635;
868;1635;1638;
869;1638;1634;
870;1634;419;
871;789;3309;
872;3309;2881;
873;2881;3308;
874;3308;3310;
875;3310;2375;
876;2375;443;
877;442;2154;
878;2154;3179;
879;3179;2156;
880;2156;2157;
881;2157;441;
882;445;2378;
883;2378;2374;
884;2374;2155;
885;2155;3178;
886;17;2151;
887;2151;3168;
888;3168;3171;
889;3171;3169;
890;3169;3170;
891;3170;448;
892;448;145;
893;145;1181;
894;1181;20;
895;20;17;
896;17;18;
897;18;26;
898;32;510;
899;510;1717;
900;1717;511;
901;511;449;
902;449;1714;
903;1714;1718;
904;1718;1719;
905;1719;1709;
906;1709;450;
907;450;1715;
908;1715;1713;
909;1713;1710;
910;1710;1705;
911;1705;1706;
912;2203;2209;
913;2209;2210;
914;2210;2211;
915;2211;2200;
916;2200;2216;
917;2216;2202;
918;2202;2215;
919;2215;2197;
920;2197;2217;
921;2217;2199;
922;2199;2207;
923;2207;2206;
924;2206;2213;
925;2213;2164;
926;2164;3274;
927;3274;3275;
928;3275;220;
929;220;2448;
930;2448;2204;
931;2204;2219;
932;2219;2212;
933;2212;2214;
934;2214;2198;
935;2198;224;
936;224;2203;
937;2196;2852;
938;2852;29;
939;29;2220;
940;30;3273;
941;3273;23;
942;23;360;
943;360;3226;
944;3226;24;
945;2205;3165;
946;3165;30;
947;3164;2414;
948;2414;2410;
949;2410;2404;
950;2404;2413;
951;2413;2412;
952;2412;2409;
953;2409;2408;
954;2408;2411;
955;2411;2407;
956;2407;2405;
957;2405;2403;
958;2403;2406;
959;2406;451;
960;297;461;
961;461;460;
962;460;459;
963;459;458;
964;458;457;
965;457;456;
966;456;455;
967;455;454;
968;454;453;
969;453;452;
970;452;358;
971;358;1264;
972;1264;1260;
973;1260;1265;
974;1265;1266;
975;1266;1267;
976;1267;524;
977;524;1263;
978;1263;1262;
979;1262;1261;
980;1261;313;
981;463;464;
982;464;687;
983;687;1815;
984;1815;1819;
985;1819;1816;
986;1816;169;
987;172;466;
988;466;2975;
989;2975;3092;
990;3092;553;
991;553;2974;
992;2974;467;
993;467;3089;
994;3089;468;
995;468;3099;
996;3099;469;
997;469;3087;
998;786;2971;
999;2971;3307;
1000;3307;111;
1001;1472;3022;
1002;3022;3025;
1003;3025;656;
1004;656;2843;
1005;2843;3027;
1006;3027;111;
1007;111;657;
1008;657;3026;
1009;3026;2865;
1010;2865;2642;
1011;2642;259;
1012;259;174;
1013;786;3028;
1014;3028;774;
1015;774;773;
1016;773;775;
1017;775;2856;
1018;2856;2858;
1019;2858;2857;
1020;979;972;
1021;972;971;
1022;971;3058;
1023;3058;3057;
1024;3057;3059;
1025;507;508;
1026;508;258;
1027;429;436;
1028;436;428;
1029;428;1409;
1030;1409;1755;
1031;1755;1759;
1032;1759;1758;
1033;1758;1757;
1034;1757;425;
1035;254;1564;
1036;1564;1562;
1037;1562;1550;
1038;1550;519;
1039;519;1560;
1040;1560;517;
1041;517;1053;
1042;1053;514;
1043;514;192;
1044;54;513;
1045;513;1052;
1046;1052;1597;
1047;1597;515;
1048;515;516;
1049;516;1600;
1050;1600;1603;
1051;1603;257;
1052;26;2450;
1053;2450;2449;
1054;2449;2452;
1055;2452;100;
1056;100;573;
1057;27;529;
1058;529;1171;
1059;27;1917;
1060;1917;1918;
1061;1918;528;
1062;543;2622;
1063;2622;536;
1064;536;2581;
1065;2581;538;
1066;538;540;
1067;540;541;
1068;541;537;
1069;546;544;
1070;549;547;
1071;547;2689;
1072;2689;546;
1073;243;2315;
1074;2315;2280;
1075;2280;36;
1076;573;575;
1077;575;577;
1078;577;2148;
1079;2148;101;
1080;101;102;
1081;102;233;
1082;354;2259;
1083;2259;592;
1084;592;587;
1085;587;585;
1086;585;584;
1087;584;586;
1088;586;589;
1089;589;590;
1090;590;591;
1091;591;2247;
1092;2247;593;
1093;593;2258;
1094;2258;353;
1095;557;556;
1096;592;2635;
1097;2635;2636;
1098;2636;593;
1099;447;2584;
1100;2584;98;
1101;582;583;
1102;552;417;
1103;417;2537;
1104;2537;551;
1105;1185;560;
1106;560;558;
1107;558;557;
1108;555;554;
1109;554;2539;
1110;2539;552;
1111;552;550;
1112;550;295;
1113;586;582;
1114;582;580;
1115;580;581;
1116;581;583;
1117;583;588;
1118;588;591;
1119;362;2796;
1120;2796;61;
1121;61;49;
1122;10;1086;
1123;1086;11;
1124;174;1476;
1125;1476;175;
1126;175;2864;
1127;2864;2718;
1128;2718;2720;
1129;2720;8;
1130;419;505;
1131;120;1436;
1132;1436;442;
1133;505;1107;
1134;505;2141;
1135;2141;604;
1136;604;225;
1137;225;605;
1138;605;1726;
1139;1726;1712;
1140;611;229;
1141;229;1740;
1142;1740;1739;
1143;1739;2314;
1144;611;610;
1145;610;609;
1146;609;608;
1147;608;2312;
1148;1720;614;
1149;614;1721;
1150;1721;506;
1151;1712;1722;
1152;1722;1723;
1153;1723;1724;
1154;1737;615;
1155;615;616;
1156;616;1735;
1157;1735;1736;
1158;1736;1738;
1159;622;1097;
1160;1097;1098;
1161;1098;1096;
1162;1096;619;
1163;620;2611;
1164;2611;2612;
1165;2612;623;
1166;623;2610;
1167;2610;622;
1168;618;621;
1169;621;624;
1170;624;620;
1171;627;625;
1172;625;628;
1173;628;629;
1174;629;3031;
1175;3031;626;
1176;626;154;
1177;126;631;
1178;631;1745;
1179;1745;632;
1180;665;2956;
1181;2956;2955;
1182;2955;39;
1183;39;40;
1184;40;1792;
1185;1792;2669;
1186;2669;2302;
1187;2302;490;
1188;490;579;
1189;579;52;
1190;110;2848;
1191;2848;1629;
1192;1629;1447;
1193;1447;3016;
1194;3016;112;
1195;112;3018;
1196;3018;114;
1197;114;1435;
1198;50;2965;
1199;2965;2793;
1200;2793;253;
1201;253;38;
1202;38;3007;
1203;3007;39;
1204;49;2794;
1205;2794;2966;
1206;2966;675;
1207;50;2415;
1208;2415;2321;
1209;434;431;
1210;431;186;
1211;186;1703;
1212;1703;185;
1213;662;2572;
1214;2572;1969;
1215;1969;1970;
1216;1970;661;
1217;651;1973;
1218;1973;1972;
1219;1972;1971;
1220;1971;655;
1221;650;653;
1222;653;1976;
1223;1976;654;
1224;654;1977;
1225;1977;1975;
1226;1975;652;
1227;652;649;
1228;661;660;
1229;660;658;
1230;640;643;
1231;643;647;
1232;658;659;
1233;659;1974;
1234;1974;661;
1235;658;655;
1236;655;654;
1237;646;645;
1238;645;642;
1239;642;641;
1240;641;1431;
1241;1431;644;
1242;644;648;
1243;2652;2651;
1244;2651;1493;
1245;1493;2789;
1246;2789;1492;
1247;1492;1491;
1248;675;2967;
1249;2967;2432;
1250;667;2646;
1251;2646;2167;
1252;2167;672;
1253;672;669;
1254;669;1500;
1255;1500;1497;
1256;1497;1496;
1257;1496;1499;
1258;1499;1498;
1259;258;670;
1260;670;189;
1261;663;3029;
1262;3029;3230;
1263;3230;776;
1264;2642;2641;
1265;2641;2358;
1266;2358;678;
1267;678;682;
1268;682;1057;
1269;1057;1055;
1270;1055;1056;
1271;170;2879;
1272;2879;2880;
1273;677;683;
1274;683;681;
1275;681;680;
1276;682;679;
1277;679;2860;
1278;2860;2942;
1279;2942;2859;
1280;692;2363;
1281;2363;2364;
1282;2364;691;
1283;691;2505;
1284;2505;686;
1285;464;688;
1286;688;1813;
1287;1813;1817;
1288;1817;1812;
1289;1812;1814;
1290;1814;690;
1291;690;2638;
1292;2638;2382;
1293;401;3303;
1294;3303;3049;
1295;3049;696;
1296;696;694;
1297;694;693;
1298;693;2384;
1299;2384;695;
1300;695;2383;
1301;2383;2637;
1302;329;2607;
1303;2607;338;
1304;753;1272;
1305;1272;1271;
1306;1271;1268;
1307;1268;1269;
1308;1269;1273;
1309;1273;1270;
1310;1270;752;
1311;752;333;
1312;333;701;
1313;701;712;
1314;712;3300;
1315;3300;2518;
1316;2518;1546;
1317;1546;2443;
1318;340;2498;
1319;2498;713;
1320;713;2499;
1321;2499;121;
1322;338;2506;
1323;2506;717;
1324;717;729;
1325;729;730;
1326;730;710;
1327;710;724;
1328;724;725;
1329;725;726;
1330;726;705;
1331;705;699;
1332;699;719;
1333;719;723;
1334;723;711;
1335;711;698;
1336;698;340;
1337;1228;1793;
1338;1793;741;
1339;329;734;
1340;734;737;
1341;737;733;
1342;733;735;
1343;736;716;
1344;716;390;
1345;390;329;
1346;738;736;
1347;711;744;
1348;744;747;
1349;747;749;
1350;749;748;
1351;748;745;
1352;745;743;
1353;743;751;
1354;493;1818;
1355;663;2882;
1356;2882;778;
1357;778;2480;
1358;675;2964;
1359;2964;2430;
1360;2430;50;
1361;791;471;
1362;471;784;
1363;784;3180;
1364;3180;789;
1365;789;795;
1366;795;780;
1367;780;793;
1368;793;790;
1369;790;2640;
1370;2640;792;
1371;792;788;
1372;788;782;
1373;782;781;
1374;781;783;
1375;783;785;
1376;785;483;
1377;483;779;
1378;779;1054;
1379;1054;786;
1380;2704;3156;
1381;3156;119;
1382;805;810;
1383;810;808;
1384;808;811;
1385;812;813;
1386;813;809;
1387;809;807;
1388;807;805;
1389;278;823;
1390;823;819;
1391;819;822;
1392;818;2604;
1393;2604;817;
1394;817;821;
1395;821;820;
1396;822;832;
1397;832;831;
1398;831;990;
1399;990;830;
1400;830;825;
1401;825;853;
1402;853;852;
1403;852;850;
1404;850;836;
1405;836;861;
1406;861;854;
1407;854;849;
1408;849;839;
1409;839;855;
1410;855;858;
1411;858;859;
1412;836;857;
1413;857;841;
1414;841;837;
1415;837;847;
1416;847;856;
1417;856;828;
1418;828;848;
1419;848;840;
1420;840;838;
1421;838;846;
1422;846;824;
1423;824;844;
1424;844;842;
1425;842;835;
1426;835;851;
1427;851;834;
1428;834;989;
1429;989;845;
1430;832;826;
1431;826;860;
1432;860;843;
1433;843;833;
1434;833;827;
1435;827;829;
1436;829;855;
1437;288;877;
1438;877;873;
1439;892;883;
1440;883;280;
1441;280;276;
1442;276;487;
1443;487;920;
1444;920;923;
1445;923;922;
1446;922;921;
1447;921;924;
1448;924;925;
1449;925;928;
1450;928;926;
1451;926;931;
1452;931;930;
1453;930;929;
1454;929;927;
1455;927;932;
1456;896;888;
1457;888;901;
1458;901;904;
1459;904;879;
1460;879;878;
1461;878;893;
1462;893;280;
1463;896;907;
1464;882;889;
1465;889;895;
1466;895;894;
1467;894;909;
1468;909;892;
1469;892;886;
1470;886;911;
1471;911;908;
1472;908;912;
1473;912;903;
1474;903;905;
1475;905;898;
1476;898;897;
1477;897;907;
1478;907;887;
1479;887;899;
1480;899;902;
1481;902;890;
1482;890;891;
1483;891;885;
1484;885;881;
1485;881;906;
1486;906;900;
1487;900;884;
1488;884;880;
1489;880;882;
1490;934;941;
1491;941;939;
1492;939;116;
1493;937;949;
1494;949;945;
1495;945;943;
1496;943;948;
1497;948;938;
1498;938;940;
1499;946;935;
1500;935;947;
1501;947;950;
1502;950;942;
1503;942;944;
1504;944;940;
1505;958;264;
1506;264;2471;
1507;2471;116;
1508;401;962;
1509;962;3048;
1510;962;3050;
1511;963;3241;
1512;3241;173;
1513;165;964;
1514;964;2977;
1515;2977;166;
1516;166;3038;
1517;3038;167;
1518;167;485;
1519;485;2978;
1520;2978;168;
1521;168;2979;
1522;2979;963;
1523;484;968;
1524;968;975;
1525;975;976;
1526;976;977;
1527;977;969;
1528;969;974;
1529;974;967;
1530;967;978;
1531;978;973;
1532;973;172;
1533;172;979;
1534;486;983;
1535;983;984;
1536;984;986;
1537;986;985;
1538;985;988;
1539;988;987;
1540;987;982;
1541;134;991;
1542;991;1005;
1543;1005;997;
1544;997;1010;
1545;1010;996;
1546;996;998;
1547;998;999;
1548;999;1001;
1549;1001;994;
1550;994;992;
1551;992;1004;
1552;1004;993;
1553;993;1009;
1554;1009;1034;
1555;1034;3128;
1556;3128;1017;
1557;1017;1020;
1558;1020;1026;
1559;1026;1025;
1560;1025;1027;
1561;1027;1019;
1562;1019;1033;
1563;1033;1015;
1564;1015;1022;
1565;1022;1016;
1566;1016;1031;
1567;1031;1032;
1568;1032;1030;
1569;1030;1024;
1570;1024;3146;
1571;3146;1462;
1572;1462;1460;
1573;1460;1455;
1574;1019;1018;
1575;1018;995;
1576;995;3147;
1577;3147;1002;
1578;1002;1456;
1579;1456;1468;
1580;1026;3130;
1581;3130;1029;
1582;1029;3149;
1583;3149;1461;
1584;1461;3129;
1585;3129;1458;
1586;1015;1028;
1587;1028;1007;
1588;1007;3151;
1589;3151;1453;
1590;1453;1464;
1591;1464;1452;
1592;1033;1023;
1593;1023;1000;
1594;1000;3148;
1595;3148;1006;
1596;1006;1459;
1597;1459;1463;
1598;1463;1450;
1599;1027;1021;
1600;1021;1003;
1601;1003;3152;
1602;3152;1008;
1603;1008;1457;
1604;1457;1465;
1605;1465;1467;
1606;1012;3135;
1607;3135;1011;
1608;1022;1014;
1609;1014;1013;
1610;1013;3150;
1611;3150;1454;
1612;1454;1451;
1613;1451;1466;
1614;1042;1040;
1615;1040;1041;
1616;1041;1038;
1617;1062;1072;
1618;1072;1066;
1619;1066;1070;
1620;1070;2982;
1621;2982;1068;
1622;1068;1069;
1623;1069;1067;
1624;1067;1065;
1625;1078;1077;
1626;1077;1076;
1627;1076;1080;
1628;1080;2983;
1629;2983;1083;
1630;1083;1084;
1631;1084;1075;
1632;1075;1074;
1633;8;2984;
1634;2984;7;
1635;1107;156;
1636;156;11;
1637;422;1093;
1638;1093;420;
1639;420;424;
1640;1094;1091;
1641;1091;1092;
1642;1092;1090;
1643;1090;1088;
1644;1088;1089;
1645;1089;2530;
1646;2530;2142;
1647;2142;1093;
1648;154;155;
1649;155;1112;
1650;1112;1113;
1651;1113;1110;
1652;1110;1133;
1653;1133;1641;
1654;1641;1640;
1655;1640;1111;
1656;1112;1123;
1657;1123;1131;
1658;1131;1132;
1659;1132;1117;
1660;1117;1115;
1661;1115;1118;
1662;1118;1136;
1663;1136;1120;
1664;1120;1121;
1665;1121;1119;
1666;1119;1111;
1667;1111;1127;
1668;1127;1114;
1669;1114;498;
1670;1130;1122;
1671;1122;2521;
1672;2521;1128;
1673;1128;1137;
1674;1137;1135;
1675;1135;1116;
1676;1116;1124;
1677;1124;1125;
1678;116;1126;
1679;1126;1134;
1680;1134;1129;
1681;1139;1138;
1682;1146;2990;
1683;2990;1158;
1684;1158;1160;
1685;1160;1161;
1686;1161;1153;
1687;128;1156;
1688;1156;1148;
1689;1148;1150;
1690;398;2615;
1691;2615;1151;
1692;1151;1154;
1693;1154;1149;
1694;1149;1159;
1695;1153;1162;
1696;1162;1157;
1697;1157;1155;
1698;1155;129;
1699;1412;2561;
1700;2561;2563;
1701;2563;1285;
1702;1285;1168;
1703;1168;1173;
1704;1171;2528;
1705;2528;1169;
1706;1169;1174;
1707;1174;1175;
1708;3277;1180;
1709;1180;1178;
1710;1178;3296;
1711;3296;1179;
1712;1179;3276;
1713;3276;1176;
1714;1176;1177;
1715;1177;1181;
1716;1182;1184;
1717;1184;1186;
1718;1186;3033;
1719;3033;1185;
1720;1185;1183;
1721;1183;1187;
1722;1187;559;
1723;559;1660;
1724;1660;1654;
1725;1654;1655;
1726;1655;217;
1727;302;1208;
1728;1208;1209;
1729;1209;1203;
1730;1203;1205;
1731;1205;1213;
1732;1213;555;
1733;741;1215;
1734;1215;1216;
1735;1216;1224;
1736;1224;1221;
1737;1221;1222;
1738;1222;1218;
1739;1218;1219;
1740;1219;1225;
1741;1225;1223;
1742;1223;1217;
1743;1217;1220;
1744;1220;740;
1745;1231;303;
1746;1919;1235;
1747;1236;1242;
1748;1242;1246;
1749;1246;2544;
1750;2544;1250;
1751;1250;1244;
1752;1244;1243;
1753;1243;1245;
1754;1245;1249;
1755;1249;1254;
1756;1254;1237;
1757;1237;1248;
1758;1248;1253;
1759;1253;1252;
1760;1252;1251;
1761;1251;1241;
1762;1241;1247;
1763;1247;2545;
1764;2545;1240;
1765;1240;1238;
1766;1238;1239;
1767;1239;595;
1768;130;2514;
1769;2514;2753;
1770;2753;2752;
1771;2752;2507;
1772;2507;2501;
1773;2501;812;
1774;812;121;
1775;801;1470;
1776;1470;796;
1777;796;131;
1778;498;184;
1779;184;1144;
1780;1144;501;
1781;501;1146;
1782;1146;2991;
1783;2991;1152;
1784;1152;1145;
1785;1145;500;
1786;500;129;
1787;192;1082;
1788;1082;1085;
1789;1085;2461;
1790;2461;7;
1791;7;1078;
1792;1078;2476;
1793;2476;1065;
1794;1065;1071;
1795;1071;2713;
1796;2713;1063;
1797;1063;2714;
1798;2714;2693;
1799;2693;1064;
1800;1064;2715;
1801;2715;1062;
1802;121;811;
1803;811;1518;
1804;1518;2997;
1805;2997;179;
1806;179;2998;
1807;2998;78;
1808;78;2594;
1809;2594;79;
1810;79;758;
1811;758;2992;
1812;2992;2948;
1813;1407;2555;
1814;2555;297;
1815;1407;2557;
1816;2557;298;
1817;1259;457;
1818;1279;1281;
1819;1281;1282;
1820;1282;1280;
1821;1280;1277;
1822;1277;1274;
1823;1274;1283;
1824;1283;1275;
1825;1275;1276;
1826;1276;1278;
1827;1278;1284;
1828;1411;2575;
1829;2575;1284;
1830;1284;1286;
1831;1175;1307;
1832;1307;1172;
1833;1172;1173;
1834;1173;1290;
1835;1290;1296;
1836;1296;1288;
1837;1288;1287;
1838;1287;1298;
1839;1298;1297;
1840;1297;1294;
1841;1294;1295;
1842;1295;1293;
1843;1293;1291;
1844;1291;1289;
1845;1289;1292;
1846;1168;1299;
1847;1299;1300;
1848;2526;2527;
1849;2527;1304;
1850;1304;1303;
1851;1303;1302;
1852;1302;1305;
1853;1305;1301;
1854;1312;1309;
1855;1309;1313;
1856;1313;1310;
1857;1310;1314;
1858;1311;1312;
1859;1307;2566;
1860;1285;1315;
1861;1315;1345;
1862;1345;1306;
1863;1306;1311;
1864;1170;2562;
1865;2562;2564;
1866;2564;1326;
1867;1326;1340;
1868;1340;1323;
1869;1323;1316;
1870;1316;1338;
1871;1338;1341;
1872;1341;1327;
1873;1327;1322;
1874;1322;1332;
1875;1332;1339;
1876;1339;1319;
1877;1319;1336;
1878;1336;1317;
1879;1317;1334;
1880;1334;1333;
1881;1333;1335;
1882;1335;1329;
1883;1329;1325;
1884;1325;1324;
1885;1324;1330;
1886;1330;1318;
1887;1318;1337;
1888;1337;1320;
1889;1320;1331;
1890;1331;1321;
1891;1321;1328;
1892;1362;1348;
1893;1348;1349;
1894;1349;1368;
1895;1368;1367;
1896;1347;1359;
1897;1359;1364;
1898;1364;1362;
1899;1362;1358;
1900;1358;1360;
1901;1360;1365;
1902;1365;1350;
1903;1350;1342;
1904;1342;1355;
1905;1355;1345;
1906;1359;1363;
1907;1363;1353;
1908;1353;1357;
1909;1357;1354;
1910;1354;1346;
1911;1346;1343;
1912;1343;1351;
1913;1356;1347;
1914;1339;1366;
1915;1366;1361;
1916;1361;1344;
1917;1344;1352;
1918;1352;1356;
1919;1410;2529;
1920;2529;1388;
1921;1388;1386;
1922;1386;1390;
1923;1390;1373;
1924;1373;1399;
1925;1399;1372;
1926;1372;1387;
1927;1387;1379;
1928;1379;1371;
1929;1371;1378;
1930;1378;1376;
1931;1376;1375;
1932;1375;1384;
1933;1384;1369;
1934;1369;1393;
1935;1393;1382;
1936;1382;1380;
1937;1380;1377;
1938;1377;1383;
1939;1383;1395;
1940;1395;1385;
1941;1385;1389;
1942;1389;1392;
1943;1392;1374;
1944;1374;1391;
1945;1391;1394;
1946;1394;1381;
1947;1381;1370;
1948;1370;1397;
1949;1397;1406;
1950;1406;1398;
1951;1398;1403;
1952;1403;1401;
1953;1401;1405;
1954;1405;1400;
1955;1400;1404;
1956;1404;1396;
1957;1396;1402;
1958;1402;1399;
1959;103;1407;
1960;2335;1233;
1961;1233;304;
1962;304;294;
1963;294;1469;
1964;1469;555;
1965;555;296;
1966;296;1202;
1967;1202;2536;
1968;2536;295;
1969;295;2603;
1970;2603;1201;
1971;1201;2334;
1972;174;2985;
1973;2985;190;
1974;190;667;
1975;667;261;
1976;3108;3107;
1977;3107;1418;
1978;1418;1419;
1979;1419;1417;
1980;1428;1425;
1981;1425;1426;
1982;1426;1427;
1983;2380;2381;
1984;2381;444;
1985;444;446;
1986;446;2379;
1987;2379;772;
1988;772;2377;
1989;2377;2376;
1990;2376;2873;
1991;2873;771;
1992;771;445;
1993;445;2937;
1994;1446;1444;
1995;1444;1443;
1996;1443;1445;
1997;1449;1442;
1998;1442;2644;
1999;2644;1447;
2000;1448;1449;
2001;1445;1448;
2002;1470;2840;
2003;2840;2841;
2004;2841;1471;
2005;260;261;
2006;1476;1478;
2007;1478;2643;
2008;2643;1477;
2009;1484;1481;
2010;1481;1483;
2011;1483;1482;
2012;1488;1487;
2013;1487;1486;
2014;1486;1485;
2015;1491;1490;
2016;814;815;
2017;815;266;
2018;258;2472;
2019;77;1507;
2020;1507;1504;
2021;1504;1505;
2022;1505;1508;
2023;1508;607;
2024;607;1509;
2025;1509;1506;
2026;1506;1503;
2027;1503;1510;
2028;1510;77;
2029;1522;1516;
2030;1516;1519;
2031;1519;2994;
2032;2994;1520;
2033;1520;1514;
2034;1514;1515;
2035;1515;1518;
2036;1525;1523;
2037;1523;759;
2038;80;1529;
2039;1529;3000;
2040;3000;1542;
2041;1542;1535;
2042;1535;1541;
2043;1541;1539;
2044;1539;3006;
2045;3006;213;
2046;1539;2597;
2047;2597;1530;
2048;1530;1537;
2049;1537;1540;
2050;1540;1538;
2051;1538;1534;
2052;1534;1528;
2053;1528;2596;
2054;2596;1541;
2055;1535;2602;
2056;2602;1531;
2057;1531;1536;
2058;1536;1533;
2059;1533;1532;
2060;1532;2600;
2061;2600;1542;
2062;521;1549;
2063;1549;1552;
2064;1552;1551;
2065;1551;1554;
2066;1554;1553;
2067;522;1548;
2068;1548;1555;
2069;1555;1554;
2070;1554;254;
2071;1547;1548;
2072;514;1559;
2073;1559;1563;
2074;1563;1557;
2075;54;2472;
2076;2472;2478;
2077;2478;409;
2078;409;410;
2079;255;1558;
2080;1558;1565;
2081;1565;520;
2082;520;256;
2083;256;1561;
2084;1561;518;
2085;518;1556;
2086;1556;516;
2087;1578;1590;
2088;1590;1582;
2089;1582;1588;
2090;1588;1591;
2091;1591;1577;
2092;1577;1567;
2093;1567;1570;
2094;1570;1587;
2095;1596;1595;
2096;1595;1593;
2097;1593;1576;
2098;1576;1566;
2099;1566;1571;
2100;1571;1585;
2101;1587;1580;
2102;1580;1579;
2103;1579;1586;
2104;1586;1589;
2105;1589;1584;
2106;1584;1573;
2107;1587;1581;
2108;1581;1592;
2109;1592;1594;
2110;1594;1575;
2111;1575;1583;
2112;1583;1572;
2113;1572;1569;
2114;1569;1568;
2115;1568;1574;
2116;1574;1596;
2117;1599;1598;
2118;1598;1602;
2119;1602;1601;
2120;1601;513;
2121;41;1605;
2122;1605;2665;
2123;2665;1630;
2124;1630;1606;
2125;1606;2666;
2126;2666;2667;
2127;2667;2668;
2128;2668;1051;
2129;1612;1609;
2130;1609;1611;
2131;1611;1613;
2132;1613;1610;
2133;1610;1614;
2134;2821;2817;
2135;2817;2812;
2136;2812;2816;
2137;2816;1618;
2138;1618;1619;
2139;1619;1617;
2140;1617;1620;
2141;1620;2811;
2142;2811;2819;
2143;2819;2820;
2144;2820;2815;
2145;2815;2814;
2146;2814;2813;
2147;2813;2818;
2148;1629;2645;
2149;2645;1622;
2150;1622;1626;
2151;1626;2810;
2152;2531;1621;
2153;1621;2657;
2154;2657;2359;
2155;2360;2658;
2156;2658;1625;
2157;1625;1624;
2158;1626;1627;
2159;1627;1623;
2160;110;2846;
2161;2846;262;
2162;262;1474;
2163;1474;3299;
2164;3299;111;
2165;1631;348;
2166;1633;2223;
2167;2223;348;
2168;348;2222;
2169;2222;346;
2170;226;2621;
2171;2621;2620;
2172;2620;1644;
2173;2261;2260;
2174;2260;2262;
2175;1682;1667;
2176;1667;1696;
2177;1696;1664;
2178;1664;1150;
2179;2624;2623;
2180;2623;1662;
2181;1662;1676;
2182;1676;1694;
2183;1694;1668;
2184;1676;1691;
2185;1691;1689;
2186;1689;1678;
2187;1678;1665;
2188;1665;1697;
2189;1697;1669;
2190;1669;1671;
2191;1671;1702;
2192;1702;1681;
2193;1681;1695;
2194;1695;1680;
2195;1680;1685;
2196;1685;1661;
2197;1672;1677;
2198;1677;1686;
2199;1686;1663;
2200;1663;1690;
2201;1690;1670;
2202;1670;1683;
2203;1683;1701;
2204;1701;1690;
2205;1679;1698;
2206;1698;1672;
2207;1677;1674;
2208;1674;1675;
2209;1675;1687;
2210;1687;1673;
2211;1673;1693;
2212;1693;1684;
2213;1684;1699;
2214;1699;1666;
2215;1666;1686;
2216;1667;1700;
2217;1700;1688;
2218;1688;1692;
2219;1682;1679;
2220;1727;1725;
2221;1725;1712;
2222;506;1728;
2223;1728;1727;
2224;1144;1732;
2225;1732;1731;
2226;1731;1733;
2227;1733;1730;
2228;1730;1734;
2229;1712;1716;
2230;1716;32;
2231;221;1749;
2232;1749;1751;
2233;1751;246;
2234;246;1746;
2235;1746;2624;
2236;2624;1750;
2237;1750;632;
2238;632;125;
2239;1746;1748;
2240;1748;1747;
2241;1752;1754;
2242;1753;1752;
2243;185;476;
2244;476;435;
2245;435;437;
2246;437;433;
2247;433;426;
2248;426;430;
2249;430;427;
2250;427;187;
2251;1763;1765;
2252;1765;1761;
2253;1761;2626;
2254;2626;1764;
2255;1764;2625;
2256;2625;1762;
2257;1766;1767;
2258;1776;1782;
2259;1781;1789;
2260;1789;1778;
2261;1778;1790;
2262;1790;1780;
2263;1780;1779;
2264;1779;1777;
2265;1777;1783;
2266;1783;1785;
2267;1785;1788;
2268;1788;1786;
2269;1786;1784;
2270;1784;1787;
2271;1807;1805;
2272;1805;1802;
2273;1802;1806;
2274;1806;1800;
2275;1800;1798;
2276;1798;1801;
2277;387;1495;
2278;1495;1804;
2279;1804;1799;
2280;1799;1803;
2281;1803;1807;
2282;704;716;
2283;82;708;
2284;708;703;
2285;703;727;
2286;727;405;
2287;405;545;
2288;545;83;
2289;83;3304;
2290;3304;400;
2291;400;981;
2292;981;3091;
2293;3091;84;
2294;84;3090;
2295;3090;465;
2296;465;1414;
2297;1414;85;
2298;85;86;
2299;86;87;
2300;87;88;
2301;88;1415;
2302;1415;89;
2303;89;2496;
2304;2496;90;
2305;90;2495;
2306;2495;2494;
2307;2494;91;
2308;91;3177;
2309;1811;1810;
2310;1810;1821;
2311;1821;1822;
2312;1822;689;
2313;3056;3055;
2314;3055;1828;
2315;1828;1827;
2316;1827;1823;
2317;1823;1825;
2318;1825;1834;
2319;1834;1833;
2320;1833;1830;
2321;1830;1831;
2322;1831;2387;
2323;261;2649;
2324;2649;3013;
2325;3013;1489;
2326;260;2788;
2327;2788;2847;
2328;1838;260;
2329;1861;2593;
2330;2593;1229;
2331;1229;1842;
2332;1842;1846;
2333;1843;1865;
2334;1865;1880;
2335;1880;2590;
2336;2590;1847;
2337;1843;1846;
2338;1846;1870;
2339;1870;1863;
2340;1863;1848;
2341;1848;1859;
2342;1859;1866;
2343;1866;1844;
2344;1844;1864;
2345;1864;1850;
2346;1850;1862;
2347;1862;1860;
2348;1860;1875;
2349;1875;1841;
2350;1841;1871;
2351;1871;1872;
2352;1872;1849;
2353;1849;1874;
2354;1874;1845;
2355;1845;1858;
2356;1858;1876;
2357;1876;1873;
2358;1873;1877;
2359;1877;1856;
2360;1856;1851;
2361;1851;1879;
2362;1879;1868;
2363;1868;1869;
2364;1869;1854;
2365;1854;1852;
2366;1852;1857;
2367;1857;1853;
2368;1853;1855;
2369;1855;1867;
2370;1867;1878;
2371;1878;1843;
2372;1907;1903;
2373;1903;1890;
2374;1890;1900;
2375;1900;1891;
2376;1891;1897;
2377;1897;2436;
2378;2436;1902;
2379;1902;1898;
2380;1898;1908;
2381;1908;1909;
2382;1909;1904;
2383;1904;1901;
2384;1901;1883;
2385;1883;1882;
2386;1882;1893;
2387;1893;1899;
2388;1899;1894;
2389;1894;1886;
2390;1886;1887;
2391;1887;1888;
2392;1888;1896;
2393;1896;1892;
2394;1892;1889;
2395;1889;1902;
2396;1888;1906;
2397;1906;1884;
2398;1884;1905;
2399;1905;1885;
2400;1885;1881;
2401;1881;1907;
2402;1907;1230;
2403;1230;2538;
2404;2538;1895;
2405;1914;1258;
2406;303;1232;
2407;1232;2340;
2408;2340;2342;
2409;2342;2337;
2410;2337;2336;
2411;2336;2345;
2412;2345;2343;
2413;2343;2339;
2414;2339;534;
2415;534;533;
2416;533;1214;
2417;1214;1210;
2418;1210;2542;
2419;2542;2332;
2420;2332;1207;
2421;1207;302;
2422;1929;1932;
2423;1932;1934;
2424;1934;1927;
2425;1927;1938;
2426;1938;1963;
2427;1963;1946;
2428;1946;1921;
2429;1921;1936;
2430;1936;1937;
2431;1937;1941;
2432;1941;1930;
2433;1930;1947;
2434;1947;1949;
2435;1949;1948;
2436;1948;1920;
2437;1920;1945;
2438;1945;1925;
2439;1925;1922;
2440;1922;1924;
2441;1924;1933;
2442;1933;1923;
2443;1932;1931;
2444;1931;1944;
2445;1944;1942;
2446;1942;1935;
2447;1935;1950;
2448;1950;1943;
2449;1943;1940;
2450;1940;1939;
2451;1939;1928;
2452;1928;1926;
2453;1926;1950;
2454;1968;1955;
2455;1956;1964;
2456;1964;1967;
2457;1967;1962;
2458;1955;1960;
2459;1966;1959;
2460;1959;1958;
2461;1958;1953;
2462;1946;1952;
2463;1952;1960;
2464;1960;1961;
2465;1963;1957;
2466;1957;1965;
2467;1965;1966;
2468;1966;1956;
2469;1956;1951;
2470;1951;1954;
2471;1954;1968;
2472;1993;2567;
2473;2567;1992;
2474;1992;1978;
2475;1978;1987;
2476;1987;1988;
2477;1988;1986;
2478;1986;1981;
2479;1981;1991;
2480;1991;1980;
2481;1980;1995;
2482;1995;1979;
2483;1979;1983;
2484;1983;1994;
2485;1994;1990;
2486;1990;1984;
2487;1984;1989;
2488;1989;1982;
2489;1982;1985;
2490;1985;1988;
2491;1981;1990;
2492;1986;1984;
2493;1998;2003;
2494;2000;2001;
2495;2001;1997;
2496;1997;1998;
2497;1998;1999;
2498;1999;1996;
2499;1996;2554;
2500;2554;2522;
2501;2522;2002;
2502;146;2578;
2503;2578;2015;
2504;2015;2021;
2505;2021;2019;
2506;2019;2020;
2507;2020;2018;
2508;2028;2027;
2509;2027;2030;
2510;2030;2029;
2511;2029;2026;
2512;2026;2023;
2513;2023;2024;
2514;2024;2022;
2515;2022;2025;
2516;2025;2574;
2517;2574;2573;
2518;2573;2014;
2519;2014;1047;
2520;1047;2571;
2521;2571;1048;
2522;1048;2017;
2523;2017;1046;
2524;1046;2013;
2525;2013;2016;
2526;2074;2082;
2527;2082;2080;
2528;2080;2078;
2529;2078;2076;
2530;2076;2079;
2531;2079;2073;
2532;2073;2077;
2533;2077;2072;
2534;2072;2071;
2535;2071;2070;
2536;2070;2081;
2537;2081;2039;
2538;2039;2069;
2539;2069;2045;
2540;2045;3228;
2541;3228;2075;
2542;2075;2043;
2543;2043;2051;
2544;2051;2106;
2545;2106;2032;
2546;2032;2065;
2547;2065;2066;
2548;2066;2031;
2549;2031;2033;
2550;2033;2108;
2551;2108;2035;
2552;2035;2109;
2553;2109;1049;
2554;2046;2059;
2555;2059;2055;
2556;2055;2062;
2557;2062;2050;
2558;2050;2105;
2559;2105;2104;
2560;2104;2053;
2561;2053;2048;
2562;2048;2061;
2563;2061;2067;
2564;2067;2083;
2565;2083;1049;
2566;1049;2034;
2567;2034;2047;
2568;2047;2038;
2569;2038;2037;
2570;2037;2036;
2571;2036;2052;
2572;2052;2107;
2573;2107;2054;
2574;2054;2041;
2575;2041;2058;
2576;2058;2057;
2577;2057;2044;
2578;2044;2060;
2579;2060;2049;
2580;2049;2040;
2581;2040;2042;
2582;2042;2063;
2583;2063;2569;
2584;2569;2064;
2585;2064;2056;
2586;2056;2068;
2587;2068;2570;
2588;2570;1047;
2589;2032;2086;
2590;2086;2097;
2591;2097;2100;
2592;2100;2087;
2593;2087;2088;
2594;2088;2096;
2595;2096;2095;
2596;2095;2085;
2597;2085;2094;
2598;2094;2093;
2599;2093;2092;
2600;2092;2089;
2601;2089;2098;
2602;2098;2099;
2603;2099;2091;
2604;2091;2084;
2605;2084;2090;
2606;2090;2101;
2607;2101;2103;
2608;2103;2102;
2609;2110;473;
2610;473;147;
2611;147;2552;
2612;2552;2002;
2613;2002;2012;
2614;2012;2558;
2615;2558;103;
2616;25;3267;
2617;3267;22;
2618;98;99;
2619;99;35;
2620;62;3245;
2621;3245;57;
2622;57;2168;
2623;2168;48;
2624;48;3246;
2625;3246;2969;
2626;2969;2954;
2627;2954;46;
2628;46;2754;
2629;2754;47;
2630;47;2822;
2631;2822;2835;
2632;2835;2827;
2633;2827;3015;
2634;3015;112;
2635;112;3017;
2636;3017;1488;
2637;1488;1482;
2638;1482;3023;
2639;3023;113;
2640;46;2951;
2641;2951;2957;
2642;2957;56;
2643;56;2961;
2644;2961;55;
2645;2127;482;
2646;482;2526;
2647;2526;480;
2648;480;2568;
2649;2568;472;
2650;472;479;
2651;479;475;
2652;475;2565;
2653;2565;477;
2654;477;2126;
2655;2126;2134;
2656;2134;2129;
2657;2129;2132;
2658;2132;2133;
2659;2133;2560;
2660;2560;2131;
2661;128;612;
2662;612;127;
2663;127;1738;
2664;1738;1150;
2665;1150;1692;
2666;1692;1141;
2667;1141;1159;
2668;1159;2451;
2669;2451;481;
2670;2127;2128;
2671;2128;2457;
2672;2457;2130;
2673;2130;2456;
2674;2456;526;
2675;526;525;
2676;525;103;
2677;2131;1412;
2678;1412;1170;
2679;1170;1413;
2680;1413;2453;
2681;2453;104;
2682;2110;2929;
2683;2929;305;
2684;305;181;
2685;181;2980;
2686;2980;3298;
2687;3298;153;
2688;153;2981;
2689;2981;180;
2690;180;474;
2691;474;2118;
2692;2118;2120;
2693;2120;2115;
2694;2115;2112;
2695;2112;2117;
2696;2117;2113;
2697;2113;2111;
2698;2111;2114;
2699;2114;2119;
2700;2119;2125;
2701;2125;2135;
2702;2135;2930;
2703;2930;2116;
2704;2148;2152;
2705;2152;2150;
2706;2150;2149;
2707;2149;2580;
2708;2580;2146;
2709;2146;105;
2710;105;2147;
2711;2147;3297;
2712;3297;448;
2713;220;2630;
2714;2630;2629;
2715;2629;2188;
2716;56;2950;
2717;2950;2742;
2718;2742;2749;
2719;2749;2745;
2720;2745;2744;
2721;2744;2960;
2722;2960;59;
2723;2880;680;
2724;2168;2169;
2725;2170;2661;
2726;2661;2662;
2727;2662;2438;
2728;2438;2171;
2729;2176;2175;
2730;2175;2174;
2731;2177;2179;
2732;2179;2180;
2733;2180;2178;
2734;2182;2181;
2735;2158;2159;
2736;2159;2183;
2737;2183;2192;
2738;2192;2185;
2739;2185;2160;
2740;2160;2161;
2741;2161;2186;
2742;2186;2184;
2743;2184;2193;
2744;2193;2162;
2745;2162;2163;
2746;2163;2158;
2747;2158;2191;
2748;2191;2194;
2749;2194;2195;
2750;2195;2188;
2751;2188;2187;
2752;2187;2189;
2753;2189;2190;
2754;2190;2162;
2755;2215;2208;
2756;2208;2201;
2757;2201;2218;
2758;2218;2205;
2759;2164;2235;
2760;2235;2631;
2761;2631;2238;
2762;2238;2230;
2763;2230;2229;
2764;2229;2233;
2765;2233;2241;
2766;2241;2228;
2767;2228;2240;
2768;2240;2227;
2769;2227;2234;
2770;2234;2243;
2771;2243;2225;
2772;2225;2237;
2773;2237;2236;
2774;2236;2242;
2775;2242;2231;
2776;2231;2226;
2777;2226;2239;
2778;2239;2232;
2779;2232;2227;
2780;2248;2252;
2781;2252;2250;
2782;2250;2254;
2783;2254;2246;
2784;2246;2251;
2785;2251;2253;
2786;2253;2245;
2787;2245;2244;
2788;2244;2633;
2789;2633;2247;
2790;2249;2248;
2791;2164;2632;
2792;2632;2224;
2793;2224;2249;
2794;2256;2255;
2795;2270;2627;
2796;2627;2269;
2797;2271;2628;
2798;2628;2272;
2799;2274;2532;
2800;2532;2275;
2801;2275;2279;
2802;2279;2277;
2803;2277;2276;
2804;2276;2273;
2805;2273;2278;
2806;1792;2670;
2807;2670;2672;
2808;2672;2289;
2809;2289;2286;
2810;2286;2293;
2811;2293;2296;
2812;2296;2281;
2813;2281;2292;
2814;2292;2290;
2815;2290;2294;
2816;2294;2283;
2817;2283;2284;
2818;2284;2288;
2819;1792;2671;
2820;2671;2673;
2821;2673;2291;
2822;2291;2295;
2823;2295;2285;
2824;2285;2287;
2825;2287;2282;
2826;2282;2281;
2827;2298;2675;
2828;2675;2677;
2829;2677;2297;
2830;2309;2676;
2831;2676;2311;
2832;2305;2307;
2833;2307;2306;
2834;2306;2678;
2835;2678;2310;
2836;2310;2308;
2837;2312;1791;
2838;1791;2736;
2839;2313;230;
2840;2314;228;
2841;243;245;
2842;2323;2634;
2843;2634;2326;
2844;2326;2325;
2845;2325;2324;
2846;2327;2582;
2847;2582;2331;
2848;2328;2330;
2849;2330;2327;
2850;2329;2328;
2851;2349;2348;
2852;2348;2352;
2853;2352;2350;
2854;2350;2353;
2855;2353;2346;
2856;2346;2347;
2857;2347;2351;
2858;3053;600;
2859;600;601;
2860;601;598;
2861;598;3052;
2862;3052;599;
2863;599;982;
2864;982;171;
2865;3134;3131;
2866;3131;3132;
2867;3132;3133;
2868;2401;2399;
2869;2400;2401;
2870;253;2400;
2871;2418;2424;
2872;2424;2427;
2873;2427;2421;
2874;2429;2420;
2875;2420;2423;
2876;2423;2425;
2877;2425;2419;
2878;2419;2417;
2879;2417;2679;
2880;2679;2415;
2881;2421;2422;
2882;2422;2428;
2883;2428;2416;
2884;2416;2426;
2885;2426;2419;
2886;2441;2660;
2887;2660;2439;
2888;2442;2659;
2889;2659;2440;
2890;12;2136;
2891;2136;2479;
2892;2479;800;
2893;800;799;
2894;799;798;
2895;798;2705;
2896;2705;801;
2897;2443;2445;
2898;2445;769;
2899;769;2707;
2900;2707;130;
2901;2712;1742;
2902;1742;3231;
2903;3231;2842;
2904;2842;2709;
2905;2709;2708;
2906;2708;1437;
2907;1437;1436;
2908;2446;2447;
2909;2447;1478;
2910;2480;777;
2911;777;2875;
2912;2875;2877;
2913;2877;2874;
2914;2874;2878;
2915;2878;673;
2916;2471;936;
2917;936;951;
2918;951;934;
2919;2480;2444;
2920;2444;2458;
2921;2458;120;
2922;2505;2504;
2923;2504;2503;
2924;2503;2502;
2925;2502;2508;
2926;2508;2509;
2927;2509;2510;
2928;2510;2513;
2929;2516;2515;
2930;2576;1773;
2931;2566;1308;
2932;1775;2576;
2933;2576;1774;
2934;1526;764;
2935;2601;1517;
2936;2636;2257;
2937;2599;2601;
2938;2601;1512;
2939;1527;2589;
2940;2589;765;
2941;2663;2664;
2942;2664;1578;
2943;2684;2314;
2944;2491;2682;
2945;2682;2680;
2946;2683;2684;
2947;2684;2685;
2948;2685;2686;
2949;2686;2687;
2950;2687;2688;
2951;2692;1911;
2952;2691;1910;
2953;1913;2691;
2954;2691;2692;
2955;2692;1912;
2956;6;2694;
2957;2694;2695;
2958;2696;2697;
2959;2697;2698;
2960;2697;2701;
2961;2701;2699;
2962;2699;2700;
2963;2701;2702;
2964;2443;120;
2965;163;2681;
2966;2681;754;
2967;754;3211;
2968;3211;1545;
2969;1545;2443;
2970;131;130;
2971;2712;2711;
2972;2711;2710;
2973;2710;2709;
2974;2718;2719;
2975;2719;2721;
2976;2721;630;
2977;630;2723;
2978;2723;2722;
2979;2722;2720;
2980;96;462;
2981;462;93;
2982;2726;2733;
2983;2733;2732;
2984;2735;2734;
2985;2734;2726;
2986;2732;2731;
2987;2731;2724;
2988;2725;2728;
2989;2728;2727;
2990;2727;549;
2991;2724;2730;
2992;2730;2729;
2993;2729;2867;
2994;2867;2725;
2995;2736;1741;
2996;2744;2743;
2997;2742;2748;
2998;2748;2746;
2999;2746;2740;
3000;2738;2745;
3001;2739;2747;
3002;2747;2741;
3003;2741;2749;
3004;2737;2754;
3005;2765;2777;
3006;2764;2765;
3007;2764;2766;
3008;2766;2758;
3009;2758;2763;
3010;2763;2773;
3011;2773;2769;
3012;2769;2760;
3013;2760;2761;
3014;2761;2776;
3015;2776;2756;
3016;2756;2775;
3017;2775;2772;
3018;2772;2774;
3019;2774;2759;
3020;2759;2771;
3021;2771;2755;
3022;2755;2762;
3023;2762;2758;
3024;2766;2778;
3025;2778;2770;
3026;2770;2757;
3027;2757;2767;
3028;2767;2768;
3029;2779;2780;
3030;2783;1473;
3031;1473;2782;
3032;2782;2784;
3033;2784;2785;
3034;2786;1838;
3035;2787;2788;
3036;1490;2650;
3037;2650;2649;
3038;2791;3317;
3039;3317;2790;
3040;2800;2792;
3041;2795;2794;
3042;2799;2797;
3043;2792;2793;
3044;2799;2798;
3045;2798;2801;
3046;2804;2802;
3047;2802;2803;
3048;2806;2807;
3049;2807;2809;
3050;2809;2808;
3051;2824;2823;
3052;2826;2824;
3053;2823;2825;
3054;2827;2829;
3055;2829;2828;
3056;2832;2830;
3057;2830;2833;
3058;2831;2832;
3059;2834;2837;
3060;2836;2835;
3061;2837;2836;
3062;343;1794;
3063;1794;1227;
3064;1227;1228;
3065;805;2605;
3066;2605;806;
3067;806;2704;
3068;1706;1729;
3069;1729;506;
3070;506;1707;
3071;1707;1708;
3072;1708;1711;
3073;1711;1704;
3074;1704;1712;
3075;325;804;
3076;159;157;
3077;411;2849;
3078;2849;110;
3079;44;2872;
3080;2872;3302;
3081;3302;1628;
3082;1628;110;
3083;2444;1438;
3084;1438;2712;
3085;2851;2850;
3086;2220;2851;
3087;2851;2221;
3088;528;597;
3089;230;634;
3090;634;633;
3091;633;231;
3092;231;2871;
3093;2871;406;
3094;406;2870;
3095;2870;638;
3096;638;635;
3097;635;636;
3098;636;637;
3099;637;232;
3100;228;2313;
3101;2680;2683;
3102;2483;2490;
3103;2490;2493;
3104;2493;2492;
3105;2492;2489;
3106;2489;2491;
3107;2864;3311;
3108;3311;2944;
3109;2944;404;
3110;404;1061;
3111;1061;3306;
3112;3306;2861;
3113;2861;2863;
3114;2863;3305;
3115;3305;2862;
3116;2855;2854;
3117;677;160;
3118;160;2361;
3119;2361;2362;
3120;2362;535;
3121;535;1494;
3122;1494;170;
3123;374;2883;
3124;2883;2884;
3125;2884;2885;
3126;2885;2886;
3127;2886;2887;
3128;2887;2888;
3129;2888;2889;
3130;2889;2890;
3131;2890;2891;
3132;2891;2892;
3133;2892;2893;
3134;2893;2894;
3135;2894;2895;
3136;2895;2896;
3137;2896;2897;
3138;2897;2898;
3139;2898;2899;
3140;2899;2900;
3141;2900;2901;
3142;2901;2902;
3143;2902;2903;
3144;2903;2904;
3145;2904;2905;
3146;2905;2906;
3147;371;368;
3148;368;393;
3149;393;389;
3150;389;380;
3151;380;374;
3152;2928;386;
3153;386;2926;
3154;2926;2925;
3155;2925;2924;
3156;2924;2927;
3157;2927;2906;
3158;383;364;
3159;364;2920;
3160;2920;2922;
3161;2922;381;
3162;381;2921;
3163;2921;375;
3164;375;2923;
3165;2923;2928;
3166;2935;2934;
3167;2942;2941;
3168;2933;2931;
3169;2931;2932;
3170;1477;2943;
3171;2943;3314;
3172;3314;3315;
3173;3315;3313;
3174;3313;2946;
3175;2946;3316;
3176;3316;3312;
3177;3312;507;
3178;2948;761;
3179;761;3004;
3180;3004;760;
3181;760;762;
3182;2947;2948;
3183;2947;607;
3184;2949;1119;
3185;597;662;
3186;662;26;
3187;1062;2717;
3188;2717;2473;
3189;2473;1074;
3190;1074;2466;
3191;2466;8;
3192;8;1081;
3193;1081;1480;
3194;1480;1479;
3195;1479;1079;
3196;1079;54;
3197;408;2963;
3198;2963;665;
3199;665;3008;
3200;3008;2808;
3201;2808;37;
3202;37;2780;
3203;2780;2962;
3204;2962;675;
3205;1489;3011;
3206;3011;3014;
3207;3014;411;
3208;1489;1616;
3209;1616;2958;
3210;2958;665;
3211;2714;3229;
3212;3229;663;
3213;776;673;
3214;673;2857;
3215;2857;497;
3216;497;2938;
3217;2938;2716;
3218;2716;2940;
3219;2940;2862;
3220;2862;668;
3221;668;666;
3222;666;2854;
3223;2854;671;
3224;671;1059;
3225;1059;1060;
3226;1060;1058;
3227;1058;2866;
3228;2866;2446;
3229;2446;174;
3230;2579;578;
3231;578;576;
3232;576;574;
3233;574;573;
3234;344;602;
3235;602;137;
3236;137;1433;
3237;1433;138;
3238;138;139;
3239;139;1432;
3240;1432;1430;
3241;1430;569;
3242;569;646;
3243;646;568;
3244;568;567;
3245;567;142;
3246;3210;2608;
3247;2608;1809;
3248;1809;700;
3249;700;704;
3250;804;2703;
3251;2703;3036;
3252;3036;3158;
3253;3158;2704;
3254;400;3043;
3255;3043;3039;
3256;3039;3041;
3257;3041;3042;
3258;3042;3040;
3259;3040;981;
3260;1829;1832;
3261;1832;402;
3262;1829;1824;
3263;1824;3046;
3264;3046;1826;
3265;1826;2387;
3266;2387;3047;
3267;3047;3045;
3268;3045;3044;
3269;3044;1829;
3270;164;2500;
3271;2500;2386;
3272;2386;2385;
3273;2385;486;
3274;486;639;
3275;3060;3063;
3276;3063;3062;
3277;3062;3061;
3278;3072;3080;
3279;3080;3071;
3280;3071;965;
3281;965;3068;
3282;3068;3069;
3283;3069;3066;
3284;3066;3067;
3285;3067;3064;
3286;3064;3065;
3287;3073;965;
3288;3075;3078;
3289;3078;3077;
3290;3076;3081;
3291;3081;3074;
3292;3081;3079;
3293;966;3082;
3294;3085;3086;
3295;3086;3083;
3296;3083;3084;
3297;3088;3089;
3298;553;3094;
3299;466;3100;
3300;3097;3093;
3301;3093;3095;
3302;3095;3096;
3303;3096;3098;
3304;3114;1035;
3305;1035;3115;
3306;3115;3113;
3307;3118;3119;
3308;3119;3116;
3309;3116;3120;
3310;3120;3117;
3311;3122;3123;
3312;3122;3121;
3313;3124;3125;
3314;3126;3127;
3315;3143;2389;
3316;2389;2390;
3317;2390;2388;
3318;2388;3139;
3319;3139;3143;
3320;3144;3142;
3321;3142;3145;
3322;3136;3137;
3323;3145;3136;
3324;3139;3144;
3325;3143;3138;
3326;3138;3141;
3327;3137;3140;
3328;3154;3153;
3329;132;1011;
3330;1011;3134;
3331;3134;134;
3332;134;3118;
3333;3118;3059;
3334;3059;164;
3335;680;692;
3336;692;2513;
3337;2513;2138;
3338;2138;470;
3339;2937;3232;
3340;3232;2876;
3341;2876;2875;
3342;979;970;
3343;970;3056;
3344;3056;3070;
3345;603;2517;
3346;2517;2369;
3347;2369;2365;
3348;2365;440;
3349;440;2367;
3350;2367;2373;
3351;2373;2366;
3352;2366;2368;
3353;2368;684;
3354;684;442;
3355;3185;3183;
3356;3183;3184;
3357;3184;3187;
3358;3187;3186;
3359;3186;2936;
3360;3182;3185;
3361;3181;3182;
3362;3192;3190;
3363;3190;3189;
3364;3189;3191;
3365;3187;3194;
3366;3194;3188;
3367;3194;3200;
3368;3200;3196;
3369;3196;3195;
3370;3195;3193;
3371;3193;3198;
3372;3198;3199;
3373;3197;3202;
3374;3202;3205;
3375;3205;3201;
3376;3201;3203;
3377;3205;3204;
3378;740;1441;
3379;1441;1440;
3380;1440;1439;
3381;1439;1796;
3382;1796;2606;
3383;2606;739;
3384;739;1795;
3385;1795;330;
3386;330;1836;
3387;1836;331;
3388;331;721;
3389;721;707;
3390;707;720;
3391;720;728;
3392;728;702;
3393;702;706;
3394;706;715;
3395;715;332;
3396;332;377;
3397;377;731;
3398;731;697;
3399;697;1835;
3400;1835;385;
3401;385;1226;
3402;1226;343;
3403;3218;3217;
3404;3219;3213;
3405;3213;3215;
3406;3215;1511;
3407;1513;3219;
3408;3219;3216;
3409;3216;3218;
3410;3218;1521;
3411;3215;3214;
3412;2998;3224;
3413;3225;755;
3414;3090;3227;
3415;3212;3102;
3416;3102;3101;
3417;3234;3242;
3418;3242;3233;
3419;3236;3241;
3420;3241;3235;
3421;3238;3244;
3422;3244;3237;
3423;3240;3243;
3424;3243;3239;
3425;3267;3268;
3426;3268;3269;
3427;3269;3270;
3428;3270;3271;
3429;3271;3272;
3430;3292;3293;
3431;3293;3294;
3432;3294;3295;
3433;3295;3277;
3434;3277;3278;
3435;3278;3279;
3436;3279;3280;
3437;3280;3281;
3438;3281;3287;
3439;3287;3288;
3440;3288;3289;
3441;3289;3290;
3442;3290;3291;
3443;3291;3282;
3444;3282;3283;
3445;3283;3284;
3446;3284;3285;
3447;3285;3286;
3448;3286;3292;
3449;1264;300;
3450;300;1234;
3451;1234;2548;
3452;2548;299;
3453;299;301;
3454;164;980;
3455;980;2976;
3456;2976;165;
3457;2482;2487;
3458;2487;2484;
3459;2484;2486;
3460;2486;2485;
3461;2485;2488;
3462;2488;2483;
