10505840;90379616;1770354627;
10505840;1770354627;311887112;
10505840;311887112;5297768035;
10505840;5297768035;1866946873;
10505840;1866946873;311888929;
10505929;90380350;4567051359;
10505929;4567051359;90381067;
10505965;90381067;4722390336;
10505965;4722390336;122535567;
10505965;122535567;122535570;
10505965;122535570;90381095;
10505985;90380817;4567051364;
10505985;4567051364;1279341529;
10505985;1279341529;4722390334;
10505985;4722390334;4506931994;
10505985;4506931994;1353859183;
10505985;1353859183;4567051363;
10505985;4567051363;111443012;
10505985;111443012;4567051362;
10505985;4567051362;111443008;
10505985;111443008;4567051361;
10505985;4567051361;1788785569;
12296787;111447963;3396198394;
12296787;3396198394;3396197692;
12296787;3396197692;111447966;
12296787;111447966;111447968;
12296787;111447968;111447969;
12296787;111447969;111447970;
12296787;111447970;1788785309;
12296787;1788785309;111447972;
12296787;111447972;1296455208;
12296787;1296455208;3396198419;
12296787;3396198419;111447973;
12301715;111447973;1788785505;
12301715;1788785505;3396198431;
12301715;3396198431;1104146365;
12301715;1104146365;4452248178;
12301715;4452248178;1788785538;
12301715;1788785538;111447974;
12301715;111447974;111447975;
12301715;111447975;111447976;
12301715;111447976;111447977;
12301715;111447977;4505031812;
12301715;4505031812;111447978;
12301715;111447978;4505031813;
12301715;4505031813;480331319;
12301715;480331319;480348682;
12301715;480348682;4111652855;
12301715;4111652855;480348685;
12301715;480348685;4565597391;
12301715;4565597391;111447980;
12301715;111447980;4565597390;
12301715;4565597390;111447981;
12301715;111447981;111447984;
12301715;111447984;480477004;
12301715;480477004;4565597393;
12301715;4565597393;4565597392;
12301715;4565597392;1104146355;
12301715;1104146355;4718335949;
12301715;4718335949;1296455366;
12301715;1296455366;480477009;
12301715;480477009;3896080911;
12301715;3896080911;90380348;
12301715;90380348;4565597394;
12301715;4565597394;848504878;
12301715;848504878;4111652875;
12301715;4111652875;848504881;
12301715;848504881;848504882;
12301715;848504882;1104140049;
12301715;1104140049;4718335955;
12301715;4718335955;90380349;
12301715;90380349;4718335956;
12301715;4718335956;480482958;
12301715;480482958;314553872;
12301715;314553872;480482966;
12301715;480482966;1675107770;
12301715;1675107770;4457286118;
12301715;4457286118;5306591416;
12301715;5306591416;90380350;
13274748;122525425;1788786245;
13274748;1788786245;5306607681;
13274748;5306607681;111442217;
13274748;111442217;5306591831;
13274748;5306591831;4760788141;
13274748;4760788141;5306591830;
13274748;5306591830;1788785980;
13274748;1788785980;4722390296;
13274748;4722390296;5306591829;
13274748;5306591829;4567051366;
13274748;4567051366;4760788143;
13274748;4760788143;111442216;
13274748;111442216;4760788142;
13274748;4760788142;122530856;
13274748;122530856;5306591828;
13274748;5306591828;5306591827;
13274748;5306591827;5306591826;
13274748;5306591826;5306591825;
13274748;5306591825;111442215;
13274748;111442215;480495878;
13274748;480495878;5306591824;
13274748;5306591824;480495875;
13274748;480495875;5306591823;
13274748;5306591823;111442620;
13274748;111442620;5306591822;
13274748;5306591822;90380817;
13274800;122528341;4760788144;
13274800;4760788144;4722390325;
13274800;4722390325;4722390324;
13274800;4722390324;4722390326;
13274800;4722390326;122528343;
13274800;122528343;4567051365;
13274800;4567051365;122528346;
13274800;122528346;122528348;
13274855;122523605;314075061;
13274855;314075061;4567051377;
13274855;4567051377;497991253;
13274855;497991253;4567051379;
13274855;4567051379;311887306;
13274855;311887306;4567051380;
13274855;4567051380;111439225;
13274855;111439225;4468690380;
13274855;4468690380;4468690381;
13274855;4468690381;5064938158;
13274855;5064938158;4468690382;
13274855;4468690382;311887304;
13274855;311887304;111429620;
13274993;122525234;122525235;
13274993;122525235;4567051374;
13274993;4567051374;1264279335;
13274993;1264279335;4468690379;
13274993;4468690379;122523605;
13275166;122525425;5306607676;
13275166;5306607676;4567051373;
13275166;4567051373;122525234;
13275183;122523605;4468690378;
13275183;4468690378;4567051376;
13275183;4567051376;1788786442;
13275183;1788786442;4468690377;
13275183;4468690377;4468690376;
13275183;4468690376;4567051375;
13275183;4567051375;122522947;
13275183;122522947;1788786403;
13275183;1788786403;1353853463;
13275183;1353853463;4760788140;
13275183;4760788140;122525425;
13275751;90380350;4468090957;
13275751;4468090957;311887526;
13276167;90381095;122535994;
13276167;122535994;122535992;
13276167;122535992;4722390337;
13276167;4722390337;90381067;
13281765;90379359;1770355121;
13281765;1770355121;497159080;
13281765;497159080;492270084;
13281765;492270084;1766389604;
13281765;1766389604;1766397693;
13281765;1766397693;492280362;
13281765;492280362;1766397695;
13281765;1766397695;3897692188;
13281765;3897692188;1766397691;
13281765;1766397691;311888690;
28393864;2334451786;311888770;
28393864;311888770;2334451781;
28393992;481410597;311886643;
28393992;311886643;314075173;
28393992;314075173;1108123577;
28393992;1108123577;497991108;
28394013;311886864;4951634810;
28394013;4951634810;495173377;
28394013;495173377;4468029178;
28394013;4468029178;312403827;
28394013;312403827;311886863;
28394013;311886863;1108123556;
28394013;1108123556;497991193;
28394013;497991193;497185200;
28394013;497185200;497991354;
28394013;497991354;1108123561;
28394033;311887112;481401110;
28394033;481401110;311887110;
28394035;481401110;311887142;
28394035;311887142;311887398;
28394056;497991108;497991350;
28394056;497991350;497991354;
28394056;497991354;497991359;
28394056;497991359;4567051381;
28394056;4567051381;111439225;
28394071;311887306;1108123561;
28394082;497181957;4504981038;
28394082;4504981038;1108123763;
28394082;1108123763;311887395;
28394082;311887395;314075690;
28394082;314075690;311887141;
28394082;311887141;311887142;
28394082;311887142;311888898;
28394082;311888898;1770841618;
28394082;1770841618;311887143;
28394099;122528343;311887518;
28394099;311887518;311887520;
28394099;311887520;311887521;
28394099;311887521;311887522;
28394099;311887522;311887523;
28394099;311887523;4728080068;
28394099;4728080068;4728080069;
28394099;4728080069;311887524;
28394099;311887524;4728080070;
28394099;4728080070;4728080071;
28394099;4728080071;311887525;
28394099;311887525;311887526;
28394176;428215782;1770841623;
28394176;1770841623;311888512;
28394176;311888512;4567404009;
28394176;4567404009;311888511;
28394176;311888511;4567404008;
28394176;4567404008;311888526;
28394176;311888526;311888510;
28394176;311888510;311888633;
28394176;311888633;311888509;
28394176;311888509;311888508;
28394176;311888508;4567403998;
28394176;4567403998;311888507;
28394176;311888507;4567403999;
28394176;4567403999;1788786431;
28394176;1788786431;4567404000;
28394176;4567404000;311888506;
28394176;311888506;5297832443;
28394176;5297832443;1788786444;
28394176;1788786444;311888505;
28394176;311888505;492269072;
28394176;492269072;4567404001;
28394176;4567404001;4567404002;
28394176;4567404002;311888504;
28394176;311888504;4567404003;
28394176;4567404003;1770354613;
28394176;1770354613;311887529;
28394183;311888619;3013289612;
28394183;3013289612;4581547016;
28394183;4581547016;1766376032;
28394183;1766376032;493669426;
28394191;311888684;311888682;
28394198;2334451786;311888769;
28394198;311888769;311888768;
28394209;314075175;1143317316;
28394209;1143317316;481392108;
28589553;311886214;4598152730;
28589553;4598152730;4598152729;
28589553;4598152729;4598152731;
28589553;4598152731;4758581031;
28589553;4758581031;314027820;
28589553;314027820;4758581030;
28589553;4758581030;4598152728;
28589553;4598152728;4598152727;
28589553;4598152727;311888684;
28589578;1766402165;314027917;
28589578;314027917;314044269;
28589578;314044269;314044478;
28589578;314044478;314075625;
28590455;311888514;314040897;
28590603;1108247114;4467927897;
28590603;4467927897;314043899;
28590643;314044269;497171065;
28590643;497171065;1788787672;
28590643;1788787672;4697553906;
28590643;4697553906;311888768;
28590653;311888768;4697553905;
28590653;4697553905;1788787623;
28590653;1788787623;314046052;
28590653;314046052;497171024;
28590653;497171024;314044478;
28590667;314044811;1770841747;
28590667;1770841747;4567403991;
28590667;4567403991;1766341666;
28590704;314046052;1108123571;
28590704;1108123571;1108123590;
28590704;1108123590;1788787128;
28590704;1788787128;314046219;
28590727;311888522;314028302;
28590727;314028302;497171043;
28590727;497171043;497171051;
28590727;497171051;314040692;
28590727;314040692;314046219;
28590727;314046219;1788786455;
28590740;314046541;314046654;
28590740;314046654;4758581026;
28590740;4758581026;314046502;
28590787;1766389604;314047258;
28590787;314047258;314047355;
28590802;314047355;4598151050;
28590802;4598151050;314047582;
28590802;314047582;314047583;
28590802;314047583;314047584;
28590802;314047584;314047586;
28590802;314047586;314048124;
28590802;314048124;1353867883;
28590802;1353867883;1353867885;
28590802;1353867885;314048166;
28590802;314048166;314047589;
28590836;1766397695;314048155;
28590836;314048155;314048124;
28593851;314074258;314074278;
28593851;314074278;4468207757;
28593851;4468207757;314074279;
28593851;314074279;5306571214;
28593851;5306571214;314074280;
28593851;314074280;4468207756;
28593851;4468207756;314074281;
28593855;314074281;5306571217;
28593855;5306571217;314074317;
28593855;314074317;5306571216;
28593855;5306571216;4468690367;
28593855;4468690367;314074318;
28593855;314074318;4468690366;
28593855;4468690366;314074319;
28593855;314074319;5306571215;
28593855;5306571215;314074321;
28593973;311887110;311887141;
28593973;311887141;314075196;
28593973;314075196;1788787149;
28593973;1788787149;314075173;
28593976;311887398;1143316780;
28593976;1143316780;314075175;
28593993;314075458;314075467;
28593993;314075467;5297757236;
28593993;5297757236;5297757235;
28593993;5297757235;314075469;
28593993;314075469;1788785846;
28593993;1788785846;314075470;
28593993;314075470;314075471;
28593993;314075471;2066725805;
28593993;2066725805;314075472;
28593993;314075472;314075473;
28593997;314075477;314075490;
28593997;314075490;314075491;
28593997;314075491;314075492;
28593997;314075492;428215913;
28593997;428215913;314075493;
28593997;314075493;480499790;
28593997;480499790;314075495;
28593997;314075495;480499793;
28593997;480499793;314075496;
28593997;314075496;314075497;
28594000;314075497;314075504;
28594025;314075626;4467927892;
28594025;4467927892;314075625;
28594031;314075624;314075627;
28594031;314075627;314075647;
28594031;314075647;1788787235;
28594031;1788787235;497171051;
28594050;314075690;314075673;
35203138;311888928;4722390251;
35203138;4722390251;480496458;
35203145;311888927;412753749;
35203145;412753749;5286348377;
35203145;5286348377;5286348378;
35203145;5286348378;5306607694;
35203145;5306607694;311888928;
35203155;311888898;5320091412;
35203155;5320091412;314075175;
35203180;311887368;314075202;
35203184;90380150;1143317795;
35203184;1143317795;311887398;
35203185;90380150;481410597;
36835345;428215781;4468690359;
36835345;4468690359;428210297;
36835345;428210297;4468690358;
36835345;4468690358;428210298;
36835345;428210298;4468690357;
36835345;4468690357;428210299;
36835345;428210299;428215921;
36835345;428215921;428210300;
36835345;428210300;428215783;
36835345;428215783;4758581052;
36835345;4758581052;428215782;
36836045;311888768;428215586;
36836045;428215586;428215587;
36836045;428215587;428215588;
36836045;428215588;2585406413;
36836046;311888766;428215593;
36836046;428215593;4697553907;
36836046;4697553907;428215594;
36836046;428215594;428215595;
36836047;1766401304;1788787730;
36836047;1788787730;428215590;
36836048;311888927;428215628;
36836048;428215628;428215627;
36836052;4728080038;4504937515;
36836052;4504937515;4504937513;
36836052;4504937513;4504937514;
36836052;4504937514;480493300;
36836052;480493300;428215652;
36836052;428215652;4504937511;
36836052;4504937511;4504937520;
36836052;4504937520;4504937518;
36836052;4504937518;4504937519;
36836052;4504937519;428215651;
36836052;428215651;5306607700;
36836052;5306607700;428215650;
36836052;428215650;5297768032;
36836052;5297768032;428215649;
36836052;428215649;4504937525;
36836052;4504937525;4504937524;
36836052;4504937524;480494925;
36836052;480494925;4504937523;
36836052;4504937523;428215638;
36836052;428215638;5306607699;
36836052;5306607699;5306607698;
36836052;5306607698;428215648;
36836052;428215648;4504937517;
36836052;4504937517;4504937516;
36836052;4504937516;5306607697;
36836052;5306607697;428215647;
36836052;428215647;428215639;
36836052;428215639;4728080038;
36836053;428215651;4504937509;
36836053;4504937509;4504937522;
36836053;4504937522;428215653;
36836055;428215654;428215655;
36836055;428215655;4504981034;
36836055;4504981034;428215656;
36836055;428215656;5306607696;
36836055;5306607696;428215657;
36836055;428215657;428215658;
36836055;428215658;428215648;
36836069;428215695;1105954994;
36836069;1105954994;428215696;
36836069;428215696;428215697;
36836069;428215697;428216319;
36836069;428216319;428215698;
36836069;428215698;1279320268;
36836069;1279320268;4728190615;
36836069;4728190615;428215699;
36836069;428215699;4728190614;
36836069;4728190614;428215700;
36836069;428215700;428215701;
36836070;428215710;428215712;
36836070;428215712;1279320265;
36836070;1279320265;4728107918;
36836070;4728107918;428215713;
36836070;428215713;4728107917;
36836070;4728107917;428215695;
36836070;428215695;428215714;
36836070;428215714;428215755;
36836070;428215755;5297768033;
36836070;5297768033;428215756;
36836070;428215756;4728107916;
36836070;4728107916;4728107915;
36836070;4728107915;5297768034;
36836070;5297768034;428215757;
36836070;428215757;4728107914;
36836070;4728107914;4728107913;
36836070;4728107913;428215758;
36836070;428215758;428215759;
36836070;428215759;1866946885;
36836071;428215642;480494922;
36836072;428208837;4728103898;
36836072;4728103898;428215719;
36836072;428215719;4728188783;
36836072;4728188783;428215720;
36836072;428215720;428215721;
36836072;428215721;4728188782;
36836072;4728188782;428215722;
36836082;428215776;428215777;
36836083;428215783;428215784;
36836083;428215784;428215790;
36836083;428215790;4773464583;
36836083;4773464583;4468690361;
36836083;4468690361;428215791;
36836083;428215791;4468690360;
36836083;4468690360;4468690356;
36836083;4468690356;4773464582;
36836083;4773464582;428215792;
36836083;428215792;4773464584;
36836083;4773464584;428215793;
36836104;428215941;428215942;
36836104;428215942;314075469;
36836134;4468090958;428216280;
36836134;428216280;428216281;
36836134;428216281;428216282;
36836134;428216282;90380350;
36836139;428215700;428216307;
36836139;428216307;428216308;
36836139;428216308;4504937473;
36836139;4504937473;428216302;
36836140;428215698;428216309;
36836140;428216309;428216310;
39935643;479522502;479522498;
39935643;479522498;4773520963;
39935643;4773520963;4773520964;
39935643;4773520964;4773520965;
39935643;4773520965;4773520966;
39935643;4773520966;4773520968;
39935643;4773520968;4773520967;
39977235;480309117;1788785799;
39977235;1788785799;5297757240;
39977235;5297757240;428215941;
39977603;480319118;480323884;
39977603;480323884;480319123;
39977603;480319123;4718335973;
39977603;4718335973;480319124;
39977603;480319124;5297757260;
39977603;5297757260;480319133;
39977603;480319133;4504937445;
39977603;4504937445;480319136;
39977605;480319153;480319157;
39977605;480319157;5297757251;
39977605;5297757251;1104146353;
39977605;1104146353;5297757252;
39977605;5297757252;5297757253;
39977605;5297757253;480319159;
39977605;480319159;480319161;
39977605;480319161;4697553889;
39977605;4697553889;5297757254;
39977605;5297757254;480319136;
39977748;480323884;480323887;
39977748;480323887;4504937433;
39977748;4504937433;4504937434;
39977748;4504937434;480323892;
39977748;480323892;480323894;
39977748;480323894;480323898;
39977748;480323898;480323901;
39977748;480323901;4718335974;
39977748;4718335974;4718335975;
39977748;4718335975;480323903;
39977887;480309175;4718335980;
39977887;4718335980;4718335979;
39977887;4718335979;4718335978;
39977887;4718335978;4726763995;
39977887;4726763995;1788785756;
39977887;1788785756;4468090983;
39977887;4468090983;480328293;
39977887;480328293;4718336095;
39977887;4718336095;480328296;
39977887;480328296;480328299;
39977887;480328299;5297757246;
39977887;5297757246;480328302;
39977887;480328302;4505031822;
39977887;4505031822;4504937448;
39977887;4504937448;480328304;
39977887;480328304;4504937449;
39977887;4504937449;480328309;
39977887;480328309;4505031818;
39977887;4505031818;4505031819;
39977887;4505031819;4468090967;
39977888;480328296;4468090979;
39977888;4468090979;480328314;
39977889;4718336104;480328314;
39977889;480328314;480328318;
39977890;480328320;480328321;
39977890;480328321;4718336091;
39977890;4718336091;480328322;
39977890;480328322;1105955001;
39977994;480319124;4504937435;
39977994;4504937435;480331349;
39977994;480331349;1104146364;
39977994;1104146364;5297757259;
39977994;5297757259;480331353;
39977994;480331353;480333434;
39977994;480333434;480331359;
39977994;480331359;5297757258;
39977994;5297757258;1788785686;
39977994;1788785686;480331364;
39977994;480331364;1788785648;
39977994;1788785648;5297757248;
39977994;5297757248;480331369;
39977994;480331369;4442605229;
39977994;4442605229;480331374;
39977994;480331374;1296455230;
39977994;1296455230;480331319;
39978027;480331349;4468090965;
39978027;4468090965;4468090966;
39978028;480333434;480333437;
39978029;4468090965;480333452;
39978029;480333452;480333437;
39978029;480333437;480333461;
39978078;480331364;480335585;
39978078;480335585;480335586;
39978078;480335586;480335587;
39978078;480335587;4505031814;
39978078;4505031814;4728080349;
39978078;4728080349;4505031813;
39979710;480346169;480346178;
39979710;480346178;480346186;
39979710;480346186;480346193;
39979710;480346193;480346202;
39979713;480346260;4452248180;
39979713;4452248180;4505031833;
39979713;4505031833;480346272;
39979713;480346272;1108123743;
39979716;480346311;1105954950;
39979716;1105954950;480346323;
39979720;480346337;480346323;
39979720;480346323;480346349;
39979720;480346349;480346357;
39979720;480346357;479522367;
39979724;480346381;1105954950;
39979724;1105954950;480346389;
39979741;480346404;480346311;
39979741;480346311;480346405;
39979741;480346405;480346209;
39979752;1105954957;480346169;
39979752;480346169;1105954954;
39979752;1105954954;1105954959;
39979752;1105954959;480346424;
39979752;480346424;480346432;
39979752;480346432;4773520952;
39979752;4773520952;480346436;
39979752;480346436;4773520953;
39979752;4773520953;1108123743;
39979756;1105954959;480346454;
39979756;480346454;480346285;
39979756;480346285;480346406;
39979759;1108123743;480346285;
39979759;480346285;480346473;
39979759;480346473;480346202;
39979759;480346202;480346467;
39979759;480346467;480346464;
39979759;480346464;480346460;
39979759;480346460;480309121;
39979765;1105954954;480346499;
39979765;480346499;480346500;
39979765;480346500;480346473;
39979774;480346209;480346406;
39979774;480346406;1105954939;
39979774;1105954939;480346408;
39979774;480346408;480346409;
39979774;480346409;4505031823;
39979774;4505031823;480346518;
39979774;480346518;480346520;
39979774;480346520;480346512;
39979776;1105954939;1675107767;
39979776;1675107767;4468090984;
39979776;4468090984;4468090988;
39979776;4468090988;480346523;
39979776;480346523;1675107769;
39979776;1675107769;4505031824;
39979776;4505031824;480346525;
39979776;480346525;479522370;
39980052;480348688;4718335969;
39980052;4718335969;4718335971;
39980052;4718335971;4718335970;
39980052;4718335970;480348690;
39980052;480348690;1788785582;
39980052;1788785582;5297757249;
39980052;5297757249;480348691;
39980052;480348691;285951310;
39980052;285951310;480348682;
39980054;480348703;4504937439;
39980054;4504937439;4504937438;
39980054;4504937438;4504937436;
39991044;480476935;480476928;
39991044;480476928;4718335961;
39991044;4718335961;4718335962;
39991044;4718335962;480476927;
39991044;480476927;480476926;
39991044;480476926;4505031809;
39991044;4505031809;1842003001;
39991044;1842003001;4504937422;
39991044;4504937422;480476925;
39991044;480476925;480476923;
39991044;480476923;4504937419;
39991044;4504937419;480476921;
39991045;848504878;4111652876;
39991045;4111652876;480476935;
39991045;480476935;4718335960;
39991045;4718335960;1842003006;
39991045;1842003006;4504937423;
39991045;4504937423;4442622618;
39991045;4442622618;4718335958;
39991045;4718335958;480476936;
39991045;480476936;4718335959;
39991045;4718335959;480476938;
39991045;480476938;4504937424;
39991045;4504937424;1842003007;
39991045;1842003007;4504937425;
39991046;480476939;480482979;
39991046;480482979;480323927;
39991047;480476939;480482974;
39991049;480476972;480476974;
39991049;480476974;4504937452;
39991049;4504937452;480476975;
39991049;480476975;5297757263;
39991049;5297757263;480476976;
39991049;480476976;4504937451;
39991049;4504937451;5297757264;
39991049;5297757264;4504937450;
39991049;4504937450;480476977;
39991049;480476977;480476978;
39991049;480476978;5280296907;
39991049;5280296907;4504937454;
39991049;4504937454;480476967;
39991050;480323927;480323932;
39991050;480323932;480323933;
39991050;480323933;480477001;
39991050;480477001;480323936;
39991051;848504881;480476994;
39991051;480476994;480476955;
39991051;480476955;5306581368;
39991051;5306581368;5306581369;
39991051;5306581369;480476993;
39991051;480476993;4381036534;
39991051;4381036534;4381036532;
39991051;4381036532;5306581370;
39991051;5306581370;4381036533;
39991051;4381036533;4381036535;
39991051;4381036535;5306581371;
39991051;5306581371;5306581372;
39991051;5306581372;5306581373;
39991051;5306581373;480476991;
39991052;480476991;4468090960;
39991052;4468090960;4728190686;
39991052;4728190686;480476965;
39991522;428215698;1279320266;
39991522;1279320266;4504937472;
39991522;4504937472;480482911;
39991522;480482911;480482912;
39991524;480482921;480482932;
39991524;480482932;480482922;
39991524;480482922;4506932007;
39991524;4506932007;4506932006;
39991524;4506932006;480482923;
39991524;480482923;4506932005;
39991524;4506932005;480482924;
39991524;480482924;4506932004;
39991524;4506932004;4506932008;
39991524;4506932008;4506932003;
39991524;4506932003;4506932002;
39991524;4506932002;122528348;
39991525;480482924;480482929;
39991526;480482932;4728190618;
39991526;4728190618;4728190617;
39991526;4728190617;480482933;
39991526;480482933;480482934;
39991526;480482934;4728190616;
39991527;314553861;480476985;
39991527;480476985;4728107929;
39991527;4728107929;480482940;
39991527;480482940;428215777;
39991527;428215777;3149005252;
39991527;3149005252;4728188780;
39991527;4728188780;480486049;
39991527;480486049;4728107920;
39991528;480482945;5295811696;
39991528;5295811696;5306591412;
39991528;5306591412;480482954;
39991528;480482954;4728190689;
39991528;4728190689;480482955;
39991528;480482955;5306591413;
39991528;5306591413;480482956;
39991528;480482956;5306591414;
39991528;5306591414;4718335954;
39991528;4718335954;480482957;
39991528;480482957;4718335953;
39991528;4718335953;480482958;
39991530;1105954994;480482967;
39991530;480482967;480482968;
39991530;480482968;4728190690;
39991530;4728190690;480482969;
39991530;480482969;4728190691;
39991530;4728190691;480482971;
39991530;480482971;480482972;
39991530;480482972;480482944;
39991531;480482974;5297768026;
39991531;5297768026;4504937427;
39991531;4504937427;480482975;
39991531;480482975;5297768024;
39991531;5297768024;4468090963;
39991532;480323936;480482980;
39991532;480482980;480482979;
39991533;480482980;480482981;
39991534;4728107920;5306576632;
39991718;128668316;4504937469;
39991718;4504937469;480486038;
39991718;480486038;4504937470;
39991718;4504937470;480486039;
39991718;480486039;4728107922;
39991718;4728107922;480486041;
39991718;480486041;4504937471;
39991718;4504937471;480486042;
39991718;480486042;480486043;
39991718;480486043;428215776;
39991718;428215776;480486044;
39991718;480486044;4728107934;
39991718;4728107934;480486045;
39991718;480486045;480486059;
39991718;480486059;5306576629;
39991718;5306576629;5306576626;
39991718;5306576626;5306576627;
39991719;480486051;480486052;
39991719;480486052;5306576621;
39991719;5306576621;5306576622;
39991719;5306576622;480486054;
39991719;480486054;5306576623;
39991719;5306576623;5306576624;
39991719;5306576624;480486055;
39991719;480486055;480486058;
39991719;480486058;5306576628;
39991719;5306576628;5306576625;
39991719;5306576625;4728107935;
39991719;4728107935;480486059;
39991721;480486064;5306571220;
39991721;5306571220;3896082018;
39991721;3896082018;5306571219;
39991721;5306571219;480486065;
39992096;428215629;4504981037;
39992096;4504981037;428215645;
39992141;480495869;480495867;
39992143;122528349;4504937474;
39992143;4504937474;1279341534;
39992145;480495881;4567051368;
39992145;4567051368;4567051367;
39992145;4567051367;480495862;
39992326;428215913;480499760;
39992326;480499760;480499761;
39992326;480499761;4758581060;
39992326;4758581060;4758581054;
39992326;4758581054;4758581059;
39992326;4758581059;480499763;
39992326;480499763;4758581058;
39992326;4758581058;4758581053;
39992326;4758581053;4758581057;
39992326;4758581057;480499764;
39992326;480499764;4758581056;
39992326;4758581056;4758581055;
39992326;4758581055;480499766;
39992327;1788785887;4758581082;
39992327;4758581082;4758581081;
39992327;4758581081;1788785924;
39992327;1788785924;480499769;
39992327;480499769;4758581069;
39992327;4758581069;480499768;
39992327;480499768;4758581080;
39992327;4758581080;4758581068;
39992327;4758581068;4758581079;
39992327;4758581079;1788786029;
39992327;1788786029;4758581067;
39992327;4758581067;480499767;
39992327;480499767;480499766;
39992327;480499766;4758581064;
39992327;4758581064;480499773;
39992327;480499773;4758581063;
39992327;4758581063;4758581062;
39992327;4758581062;4758581065;
39992327;4758581065;480499775;
39992327;480499775;4758581066;
39992327;4758581066;4758581061;
39992327;4758581061;480499776;
39992328;428210300;4758581078;
39992328;4758581078;3897689901;
39992328;3897689901;4758581077;
39992328;4758581077;4758581076;
39992328;4758581076;480499779;
39992328;480499779;4758581073;
39992328;4758581073;4758581074;
39992328;4758581074;480499780;
39992328;480499780;4758581075;
39992328;4758581075;480499782;
39992328;480499782;4758581071;
39992328;4758581071;4758581072;
39992328;4758581072;480499776;
39992329;480499782;480499783;
39992329;480499783;4773464589;
39992330;480499770;5487502468;
39992330;5487502468;5487502467;
39992330;5487502467;480499785;
39992330;480499785;480499787;
39992330;480499787;480499788;
39992331;480499793;1788785877;
39992331;1788785877;480499788;
39992331;480499788;4773464602;
39992331;4773464602;480499795;
39992331;480499795;4773464592;
39992331;4773464592;480499770;
39992331;480499770;4758581083;
39992331;4758581083;1788785887;
39992331;1788785887;480499796;
39992331;480499796;4758581070;
39992331;4758581070;480499797;
39992331;480499797;480499776;
39992375;311888512;4452248168;
39992375;4452248168;480500604;
39992375;480500604;480500605;
39992375;480500605;497240502;
39992375;497240502;4452248169;
39992375;4452248169;4773464585;
39992375;4773464585;4452248170;
39992375;4452248170;4468690365;
39992375;4468690365;480500608;
39992375;480500608;4468690364;
39992375;4468690364;480500610;
39992376;480500610;480500621;
39992376;480500621;4468690363;
39992376;4468690363;480500623;
39992376;480500623;4468690362;
39992376;4468690362;480500597;
40027407;481266081;4468690372;
40027407;4468690372;481266067;
40035866;481392111;5280296913;
40035866;5280296913;5286348365;
40035866;5286348365;481392112;
40035866;481392112;5286348366;
40035866;5286348366;481392113;
40035866;481392113;481392114;
40035866;481392114;481392115;
40035866;481392115;5286348364;
40035866;5286348364;481392116;
40035867;481392117;481392118;
40035867;481392118;4504937507;
40035867;4504937507;481392119;
40035867;481392119;4504937508;
40035867;4504937508;481392120;
40035867;481392120;481410572;
40035868;481392116;481392117;
40035869;4506932013;311887399;
40036118;481401110;481401112;
40036118;481401112;4697553902;
40036118;4697553902;481401114;
40036118;481401114;481401116;
40036519;481410594;481410606;
40036519;481410606;481410608;
40036520;497991253;481410616;
40036520;481410616;481410618;
40556952;1788787279;1788787375;
40556952;1788787375;311888686;
40556952;311888686;1788787423;
40556952;1788787423;311888687;
40556952;311888687;492269066;
40557463;492280365;492280362;
40557463;492280362;492280359;
40557463;492280359;492280368;
40557463;492280368;492269069;
40643169;493669078;5306571190;
40643169;5306571190;493669084;
40643169;493669084;493669088;
40643169;493669088;5306571189;
40643169;5306571189;5306571188;
40643175;493669113;5306571192;
40643175;5306571192;5306571196;
40643175;5306571196;4581574170;
40643175;4581574170;5306571194;
40643175;5306571194;5306571193;
40643175;5306571193;5306571195;
40643175;5306571195;4581574171;
40643175;4581574171;493669111;
40643175;493669111;5306571200;
40643175;5306571200;5306571198;
40643175;5306571198;5306571199;
40643175;5306571199;5306571197;
40643175;5306571197;493669127;
40643175;493669127;5306571207;
40643175;5306571207;5306571206;
40643175;5306571206;493669135;
40643175;493669135;493669138;
40643175;493669138;5306571205;
40643175;5306571205;5306571204;
40643175;5306571204;1788786415;
40643175;1788786415;493669144;
40643175;493669144;5306571201;
40643175;5306571201;5306571203;
40643175;5306571203;5306571202;
40643175;5306571202;493669151;
40643175;493669151;493669127;
40643182;5306571196;493669084;
40643182;493669084;5306571191;
40643198;493669233;493669235;
40643198;493669235;5306571184;
40643198;5306571184;1788787134;
40643198;1788787134;1788787138;
40643198;1788787138;1766385088;
40643202;493669251;493669252;
40643202;493669252;4581574166;
40643202;4581574166;493669253;
40643208;311888526;5306571213;
40643208;5306571213;4567403994;
40643208;4567403994;5306571212;
40643208;5306571212;311886218;
40643208;311886218;4567403993;
40643208;4567403993;311886217;
40643208;311886217;4567403992;
40643208;4567403992;311886216;
40643208;311886216;1766376032;
40643208;1766376032;314044811;
40643208;314044811;1788787183;
40643208;1788787183;4598151057;
40643208;4598151057;311886215;
40643208;311886215;5306571183;
40643208;5306571183;4598151055;
40643208;4598151055;4598151059;
40643208;4598151059;493669294;
40643208;493669294;4598151058;
40643208;4598151058;4598151056;
40643208;4598151056;311888682;
40643208;311888682;493669233;
40643208;493669233;493669251;
40643208;493669251;493669093;
40643208;493669093;493669113;
40643208;493669113;493669426;
40643208;493669426;1788786411;
40643208;1788786411;4567403997;
40643208;4567403997;1788786396;
40643208;1788786396;1788786389;
40643208;1788786389;4567403995;
40643208;4567403995;5306571210;
40643208;5306571210;1788786370;
40643208;1788786370;5306571211;
40643208;5306571211;4567403996;
40643208;4567403996;311888633;
40643209;311888684;1788787279;
40643214;2334451781;2334451784;
40643217;314047589;314047726;
40643217;314047726;1788787817;
40643217;1788787817;1788787775;
40643217;1788787775;314047728;
40643232;311888505;5297832446;
40643232;5297832446;5297832445;
40643232;5297832445;5297832444;
40643232;5297832444;492269071;
40643232;492269071;4567404004;
40643232;4567404004;4567404005;
40643232;4567404005;1104140052;
40643232;1104140052;4567404006;
40643232;4567404006;5297832447;
40643232;5297832447;492269072;
40643232;492269072;5297832448;
40643232;5297832448;4468207752;
40643232;4468207752;493669366;
40643232;493669366;4468207753;
40643232;4468207753;493669371;
40643232;493669371;4468207754;
40643232;4468207754;493669374;
40643232;493669374;493669379;
40643232;493669379;4468207755;
40643232;4468207755;493669384;
40643237;493669400;1788786427;
40643237;1788786427;492273252;
40643237;492273252;4468207747;
40643237;4468207747;493669404;
40643237;493669404;493669412;
40858662;428214870;5297832450;
40858662;5297832450;497159053;
40858662;497159053;497159056;
40858662;497159056;4612165457;
40858662;4612165457;4612165456;
40858662;4612165456;497159058;
40858662;497159058;4612165454;
40858662;4612165454;4612165455;
40858662;4612165455;5297832449;
40858662;5297832449;497159066;
40858664;497159066;428214872;
40858664;428214872;497159080;
40859293;497171024;1108123650;
40859293;1108123650;497171025;
40859294;497171025;1108247085;
40859294;1108247085;1788787180;
40859294;1788787180;314040692;
40859295;314040692;4758581033;
40859295;4758581033;5306571178;
40859295;5306571178;5306571179;
40859295;5306571179;4758581046;
40859299;1780112988;314028345;
40859299;314028345;497171065;
40860295;497185200;497185205;
40864323;480323961;428216032;
40864324;497240502;497240500;
40864324;497240500;497240505;
40864324;497240505;1104146351;
40864324;1104146351;428215790;
40905678;311887395;497991069;
40905679;314075690;314075691;
40905680;497991108;311887368;
40905680;311887368;1108123763;
40905680;1108123763;428214871;
40905680;428214871;497176051;
40905680;497176051;312403078;
40905680;312403078;495503865;
40905680;495503865;848506925;
40905680;848506925;311887235;
40905685;311887110;314075177;
51228949;1766388736;492270084;
51228949;492270084;492270079;
51228949;492270079;492269070;
51228949;492269070;492273248;
51228949;492273248;4468207744;
51228950;5306571192;5306571208;
51228950;5306571208;5306571209;
51228950;5306571209;493669149;
51228950;493669149;493669144;
51228952;1718570832;492269491;
51228952;492269491;492269496;
51228952;492269496;492269489;
51228952;492269489;4581547039;
51228952;4581547039;1718570835;
51228952;1718570835;492269492;
51228952;492269492;492269493;
51228952;492269493;1718570841;
51228952;1718570841;492269494;
51228955;1718570841;4581547038;
51228955;4581547038;4581547037;
51228955;4581547037;492269495;
51228955;492269495;492269496;
71292757;1770834232;1770834226;
71292757;1770834226;1770834227;
71292757;1770834227;4207318469;
71292757;4207318469;1770834236;
71292757;1770834236;1770834238;
71292757;1770834238;1770834229;
71292757;1770834229;1770834237;
71292757;1770834237;1770834235;
71292757;1770834235;1770834241;
71292757;1770834241;1770834221;
71292757;1770834221;848507122;
71292757;848507122;848507125;
71292757;848507125;848507127;
71292757;848507127;848507129;
71292757;848507129;848507131;
71292757;848507131;3897692199;
71292757;3897692199;848507133;
71292757;848507133;4697553900;
71292757;4697553900;4697553901;
71292757;4697553901;848507135;
71292760;848507135;848507146;
71292760;848507146;1770355425;
71292760;1770355425;848507147;
112585567;480482965;5306591415;
112585567;5306591415;4718335952;
112585567;4718335952;480482966;
112587635;428208837;428208836;
112587635;428208836;428208835;
112587635;428208835;428215629;
112588542;311888927;5306607693;
112588542;5306607693;1104140051;
112588542;1104140051;428215653;
112588542;428215653;4506932012;
112588542;4506932012;4506932015;
112588542;4506932015;4506932013;
112588542;4506932013;4567051369;
112588542;4567051369;311888920;
112589133;1386041950;1106195776;
112589133;1106195776;1386041949;
120825320;428215636;5286348375;
120825320;5286348375;5306607701;
120825320;5306607701;480494925;
120825321;122525235;4468690375;
120825321;4468690375;1353853464;
120825321;1353853464;4760788139;
120825321;4760788139;1353853463;
120825323;428215629;5286348379;
120825323;5286348379;5286348380;
120825323;5286348380;311888928;
120825324;480494922;5286348376;
120825324;5286348376;480494920;
120825324;480494920;428215645;
120825324;428215645;428215644;
120825324;428215644;428215643;
120825324;428215643;428215642;
120825324;428215642;428215640;
120825324;428215640;5306607702;
120825324;5306607702;5306607703;
120825324;5306607703;428215636;
120825324;428215636;5286348374;
120825324;5286348374;5306607704;
120825324;5306607704;480494924;
120825324;480494924;480494922;
120825325;90380817;4506931996;
120825325;4506931996;4506931997;
120825325;4506931997;4506932000;
120825325;4506932000;4506931999;
120825325;4506931999;4506932001;
120825325;4506932001;1353853466;
120825325;1353853466;4506931998;
120825325;4506931998;122528346;
120827012;1353859181;4506931992;
120827012;4506931992;1353859182;
120827012;1353859182;4506931993;
120827012;4506931993;1353859189;
120827012;1353859189;1353859183;
120829935;1353867898;1353867892;
120829935;1353867892;4758579588;
120829935;4758579588;4758579585;
120829935;4758579585;4758579587;
120829935;4758579587;4758579589;
120829935;4758579589;4758579586;
120829935;4758579586;1353867887;
120829936;4565607103;1353867891;
120829936;1353867891;4565607105;
120829936;4565607105;1353867888;
120829936;1353867888;1353867872;
120829936;1353867872;1353867871;
120829936;1353867871;4565607106;
120829936;4565607106;4565607099;
120829936;4565607099;4565607100;
120829936;4565607100;4565607107;
120829936;4565607107;4565607101;
120829936;4565607101;4565607102;
120829936;4565607102;4565607104;
120829936;4565607104;4565607103;
120829937;1353867885;1353867878;
120829937;1353867878;1353867874;
120829937;1353867874;1353867902;
120829937;1353867902;4598151042;
120829937;4598151042;1353867896;
120829937;1353867896;4598151041;
120829937;4598151041;4598151040;
120829937;4598151040;1788787810;
120829937;1788787810;1353867895;
120829937;1353867895;1353867904;
120829937;1353867904;1353867883;
120829939;1353867904;4598151038;
120829939;4598151038;4598151035;
120829939;4598151035;4598151037;
120829939;4598151037;1353867897;
120829939;1353867897;4598151036;
120829939;4598151036;4598151034;
120829939;4598151034;4598151039;
120829939;4598151039;1353867878;
120829940;1353867896;1353867890;
120829940;1353867890;1353867898;
120829941;1353867870;1353867905;
120829941;1353867905;4612165470;
120829941;4612165470;4612165462;
120829941;4612165462;4612165471;
120829941;4612165471;1353867881;
120829941;1353867881;1788788258;
120829941;1788788258;4612165461;
120829941;4612165461;1353867889;
120829941;1353867889;1788788182;
120829941;1788788182;4612165460;
120829941;4612165460;1353867880;
120829941;1353867880;4612165459;
120829941;4612165459;1788787995;
120829941;1788787995;4612165458;
120829941;4612165458;1353867879;
120829941;1353867879;1353867900;
120829941;1353867900;1353867896;
124538107;122528351;428215709;
124538107;428215709;480494928;
124538107;480494928;428215639;
159752061;428215590;1788787767;
159752061;1788787767;428215592;
165051256;1770832423;1766375984;
165051256;1766375984;1766376000;
165051591;492269489;1766385107;
165051591;1766385107;1766385073;
165051591;1766385073;1766385091;
165051591;1766385091;1766385085;
165051591;1766385085;1766385109;
165051591;1766385109;1766385088;
165052007;314048166;314048268;
165052007;314048268;1766397691;
165052008;1766397717;311888690;
165052008;311888690;1788787471;
165052008;1788787471;492269066;
165052009;1766397693;1766397688;
165052096;314047728;1766401304;
165052097;312404716;1766401302;
165545791;1766341664;1770832423;
165545791;1770832423;1770832429;
165545791;1770832429;1770832430;
165545791;1770832430;1770832428;
165545791;1770832428;1770832448;
165545791;1770832448;1770832434;
165545791;1770832434;1770832447;
165545792;1770832428;1770832446;
165545792;1770832446;1770832427;
165545792;1770832427;1770832436;
165545792;1770832436;1770832431;
165545792;1770832431;1770832441;
165545792;1770832441;1770832433;
165545792;1770832433;1770832425;
165545792;1770832425;1770832440;
165545792;1770832440;1770832420;
165545792;1770832420;1770832439;
165545792;1770832439;1770832432;
165545793;1770832444;1770832435;
165545793;1770832435;1770832422;
165545793;1770832422;1770832442;
165545793;1770832442;1770832445;
165545793;1770832445;1770832438;
165545793;1770832438;1770832449;
165545793;1770832449;1770832436;
165545921;1770834227;1770834223;
165545921;1770834223;1770834222;
165545921;1770834222;1770834230;
165545921;1770834230;1770834220;
165545921;1770834220;1770834225;
165545921;1770834225;1353867900;
165546637;1770832423;1770841682;
165546637;1770841682;1770841704;
165546637;1770841704;1770841675;
165546637;1770841675;1770841652;
165546637;1770841652;1770841729;
165546637;1770841729;1770841602;
165546637;1770841602;1770841639;
165546637;1770841639;1770841636;
165546637;1770841636;1770841708;
165546637;1770841708;1770841756;
165546637;1770841756;1770841633;
165546637;1770841633;1770841613;
165546637;1770841613;1770841700;
165546637;1770841700;1770841614;
165546637;1770841614;1770841726;
165546637;1770841726;1770841691;
165546637;1770841691;1770841743;
165546637;1770841743;5300548972;
165546637;5300548972;1770841662;
165546638;1770841664;1770841688;
165546638;1770841688;1770841656;
165546638;1770841656;1770841644;
165546638;1770841644;1770841734;
165546638;1770841734;1770841703;
165546638;1770841703;1770841644;
165546639;311888619;1770841664;
165546639;1770841664;1770841673;
165546639;1770841673;1770841733;
165546639;1770841733;1770841594;
165546639;1770841594;1770841589;
165546639;1770841589;1770841587;
165546639;1770841587;1770841746;
165546640;1770841682;1770841612;
165546640;1770841612;1770841599;
165546640;1770841599;1770841729;
165546642;1770841651;1770841719;
165546642;1770841719;1770841733;
165546644;1770841655;1770841699;
165546644;1770841699;1770841692;
165546644;1770841692;1770841694;
165546644;1770841694;1770841600;
165546644;1770841600;1770841631;
165546644;1770841631;1770841710;
165546644;1770841710;1770841738;
165546645;1770841673;1770841739;
165546645;1770841739;1770841634;
165546645;1770841634;1770841590;
165546645;1770841590;1770841755;
165546645;1770841755;1770841684;
165546645;1770841684;1770841606;
165546645;1770841606;1770841666;
165546645;1770841666;1770841623;
165546649;1770841599;1770841638;
165546649;1770841638;1770841757;
165546649;1770841757;1770841603;
165546649;1770841603;1770841721;
165546649;1770841721;1770841670;
165546649;1770841670;1770841679;
165546649;1770841679;1770841611;
165546649;1770841611;1770841607;
165546649;1770841607;1770841677;
165546649;1770841677;1770841672;
165546649;1770841672;1770841591;
165546649;1770841591;1770841592;
165546649;1770841592;1770841646;
165546649;1770841646;1770841665;
165546649;1770841665;1770841615;
165546649;1770841615;1770841702;
165546649;1770841702;1770841730;
165546650;1770841747;1770841659;
165546650;1770841659;1770841601;
165546650;1770841601;1770841600;
165546652;1770841692;1770841637;
165546652;1770841637;1770841617;
165546652;1770841617;1770841640;
165546652;1770841640;1770841754;
165546652;1770841754;4581547025;
165546652;4581547025;1770841663;
165546652;1770841663;1770841619;
167487333;1766376000;1766375991;
167487333;1766375991;1766376026;
167487333;1766376026;4722390241;
167487333;4722390241;1766376028;
167487333;1766376028;1766376030;
167487333;1766376030;1766376000;
167487335;1788785569;90381095;
167487353;1766341659;1766341664;
167487353;1766341664;4567403788;
167487353;4567403788;4567403787;
167487353;4567403787;1766341661;
167487353;1766341661;1766341667;
167487353;1766341667;1770841655;
167487353;1770841655;1766341660;
167487353;1766341660;4567403989;
167487353;4567403989;1766341666;
167487353;1766341666;4567403990;
167487353;4567403990;1766341659;
167487383;314047991;1788787824;
167487383;1788787824;2066725843;
167487383;2066725843;1788787829;
167487383;1788787829;314047990;
167487383;314047990;1788787978;
167487398;480495862;4722390314;
167487404;1353867898;1788787810;
167487411;497171065;497171024;
167487424;1788787045;2066725824;
167487424;2066725824;2066725823;
167487424;2066725823;1770841662;
167487437;1788787188;1788787134;
167487442;1770841612;1766341664;
167487460;428215354;5297757229;
167487460;5297757229;5297757230;
167487460;5297757230;479512730;
167487469;111447980;4726683134;
167487469;4726683134;1788785282;
167487472;480482950;311887523;
167487487;311888773;1788786360;
167487487;1788786360;1788786368;
167487488;1788786336;1788786345;
167487488;1788786345;314040897;
167487504;1788786455;1788786453;
167487504;1788786453;4758581025;
167487504;4758581025;1788786457;
167487504;1788786457;1788786459;
167487505;111447974;1788785553;
167487505;1788785553;1788785528;
167487505;1788785528;1788785538;
167487512;1788785680;1788785684;
167487512;1788785684;5297757244;
167487512;5297757244;1788785688;
167487512;1788785688;480328318;
167487515;1788786452;2066725820;
167487515;2066725820;2334451782;
167487515;2334451782;2334451785;
167487515;2334451785;314046505;
167487525;1353867887;1770834228;
167487525;1770834228;1770834232;
167487525;1770834232;1788787777;
167487534;1788785505;1788785471;
167487534;1788785471;1788785430;
167487534;1788785430;1788785292;
167487534;1788785292;1788785290;
167487534;1788785290;1788785309;
173372582;428215592;314047991;
207634496;314075625;1108247114;
207634498;497171025;1108123571;
207634498;1108123571;314043975;
207634499;314075497;5297757234;
207634499;5297757234;1788785827;
207634499;1788785827;5297757233;
207634499;5297757233;128668309;
207634506;5306607707;4728190622;
207634506;4728190622;4728190621;
207634506;4728190621;5306607706;
207634506;5306607706;480496458;
207634506;480496458;5306607705;
207634506;5306607705;5286348381;
207634506;5286348381;5306607717;
207634506;5306607717;5306607718;
207634506;5306607718;5306607712;
207634506;5306607712;5306607716;
207634506;5306607716;4728190649;
207634506;4728190649;1866946866;
207634506;1866946866;311888929;
207634507;311888929;4728190628;
207634507;4728190628;311887143;
207634507;311887143;90379759;
207634509;314075625;314075624;
207634509;314075624;1108123650;
207634512;128668307;428215354;
207634518;1766402165;312404716;
207634518;312404716;1780112988;
207634522;314028345;1766401302;
207634522;1766401302;314027917;
207634522;314027917;3897692228;
207634522;3897692228;1766403803;
207634522;1766403803;4506950199;
207634526;314042698;5297832454;
207634526;5297832454;5297832475;
207634526;5297832475;122586155;
207634526;122586155;5297832474;
207634526;5297832474;5297832453;
207634526;5297832453;5297832473;
207634526;5297832473;1594649001;
207634526;1594649001;5297832472;
207634526;5297832472;90379613;
207634526;90379613;5297832471;
207634526;5297832471;428214870;
207634526;428214870;4565597422;
207634526;4565597422;128664377;
207634526;128664377;848507147;
207634526;848507147;5297832470;
207634526;5297832470;90379614;
207634526;90379614;5297832452;
207634526;5297832452;90379615;
207634526;90379615;5297832469;
207634526;5297832469;5297832451;
207634526;5297832451;5297832468;
207634526;5297832468;4467961662;
207634526;4467961662;5297832467;
207634526;5297832467;4728190651;
207634526;4728190651;5297832466;
207634526;5297832466;90379616;
207634526;90379616;5297832465;
207634526;5297832465;90379617;
207634526;90379617;5297832464;
207634526;5297832464;128664380;
207634526;128664380;5297832463;
207634526;5297832463;4467961663;
207634526;4467961663;5297832462;
207634526;5297832462;1770354600;
207634526;1770354600;90379618;
207634526;90379618;5297832461;
207634526;5297832461;5297832460;
207634526;5297832460;311887529;
207634526;311887529;5297832459;
207634526;5297832459;128664381;
207634526;128664381;1594649049;
207634526;1594649049;5297832458;
207634526;5297832458;90379619;
207634526;90379619;5297832457;
207634526;5297832457;90379359;
207634526;90379359;5297832456;
207634526;5297832456;1770355183;
207634526;1770355183;5297832455;
207634526;5297832455;314042698;
207719830;1108123561;4457286114;
207719830;4457286114;311886862;
207719837;481392108;1143317285;
207719837;1143317285;3897692067;
207719837;3897692067;90380150;
207719845;314075202;314075673;
207719845;314075673;314075196;
207719845;314075196;311887398;
207719849;314075202;311887395;
207719852;481392110;428215627;
207719852;428215627;5286348363;
207719852;5286348363;5286348362;
207719852;5286348362;4506933016;
207719852;4506933016;5286348351;
207719852;5286348351;5286348361;
207719852;5286348361;481392108;
207719861;1108123561;1108123577;
207719861;1108123577;314075202;
207724048;90379759;428215628;
207724048;428215628;311887399;
209436195;1108247114;314028301;
209436195;314028301;1788787269;
209436195;1788787269;314028302;
209436198;1108247114;314075627;
209436198;314075627;497171025;
209444521;1780112988;2066725841;
209444521;2066725841;314047991;
209444521;314047991;314047728;
212706761;481392110;4504937504;
212706761;4504937504;481392129;
212706764;311887399;4468690373;
212706764;4468690373;481266067;
212706764;481266067;481392126;
212706764;481392126;481392127;
212706764;481392127;481392128;
212706764;481392128;481392110;
212712596;311887399;481266081;
212712596;481266081;4567051370;
212712596;4567051370;122523494;
216966774;90380817;4722390335;
216966774;4722390335;1279341531;
216966774;1279341531;4722390331;
216966774;4722390331;4722390323;
216966774;4722390323;5306591420;
216966774;5306591420;5306591419;
216966774;5306591419;5306591821;
216966774;5306591821;122528341;
217313250;1788785569;122535293;
217313250;122535293;111444802;
217313250;111444802;90381086;
217313250;90381086;111446373;
217313250;111446373;4565597404;
217313250;4565597404;4565597402;
217313250;4565597402;4565597401;
217313250;4565597401;4565597397;
217313250;4565597397;4565597396;
217313250;4565597396;4565597395;
217313250;4565597395;111446372;
217313250;111446372;3896080908;
217313250;3896080908;111446371;
217313250;111446371;4718335948;
217313250;4718335948;111446370;
217313250;111446370;1104146355;
217313251;90381067;111445022;
217313251;111445022;4567051360;
217313251;4567051360;90381086;
224645469;492269066;492269494;
224645469;492269494;1718570842;
224645469;1718570842;4581547036;
224645469;4581547036;4581547035;
224645469;4581547035;492269068;
224645469;492269068;1718570832;
224645469;1718570832;1788787166;
224645469;1788787166;4581547043;
224645469;4581547043;492269069;
224645469;492269069;492269070;
224645469;492269070;1104140056;
224645469;1104140056;4567404007;
224645469;4567404007;1788786460;
224645469;1788786460;492269071;
224645479;314047728;2066725837;
224645479;2066725837;5297832476;
224645479;5297832476;4468207742;
224645479;4468207742;1766397717;
224645485;1766397717;314048268;
224645485;314048268;3897692194;
224645485;3897692194;314048155;
224645485;314048155;492280365;
224645485;492280365;1766397688;
224645485;1766397688;314047258;
224645485;314047258;1766388736;
224645485;1766388736;428214872;
224645485;428214872;1770355365;
224645485;1770355365;314042698;
224645842;2334451781;2334451788;
224645843;1788786452;2066725818;
224645843;2066725818;311888773;
224645843;311888773;311888774;
224645843;311888774;311888775;
224645843;311888775;311888776;
224645844;2334451782;3396198795;
224645844;3396198795;1788786459;
224645845;2334451784;5300548978;
224645845;5300548978;1770841662;
224645845;1770841662;2585474952;
224645846;2334451788;2334451783;
224645846;2334451783;2334451787;
224645846;2334451787;2334451784;
224645847;2334451788;311886214;
224646231;428215354;5297757232;
224646231;5297757232;314075458;
224646231;314075458;128668308;
224646231;128668308;428215941;
224646231;428215941;314075504;
224646231;314075504;128668309;
224646231;128668309;128668310;
224646231;128668310;4726764009;
224646231;4726764009;128668311;
224646231;128668311;4726764001;
224646231;4726764001;4468690355;
224646231;4468690355;428215781;
224646231;428215781;128668312;
224646231;128668312;128668313;
224646231;128668313;4697553898;
224646231;4697553898;428215793;
224646231;428215793;4697553892;
224646231;4697553892;4697553897;
224646231;4697553897;428216032;
224649280;428215592;2066725839;
224649280;2066725839;314028345;
224649282;1788786459;1788787045;
224649282;1788787045;314043975;
224649282;314043975;5306571182;
224649282;5306571182;2334451786;
224649289;311888690;4468207743;
224649289;4468207743;428215596;
224649289;428215596;2066725835;
224649289;2066725835;1766401304;
224649289;1766401304;428215592;
252502755;312404715;314047848;
252502755;314047848;420446030;
252502755;420446030;312404716;
252505455;2585406413;2958493525;
252505455;2958493525;2066725831;
252505455;2066725831;428215590;
252516370;2585474952;2958495172;
252516370;2958495172;1788786452;
252516371;314046541;314046505;
252516524;314040897;314040896;
252516524;314040896;1788786368;
252516524;1788786368;1766382062;
252516524;1766382062;314046541;
252517114;314075473;314075474;
252517114;314075474;314075475;
252517114;314075475;1788786326;
252517237;480309117;2585482267;
252517237;2585482267;480309121;
252517237;480309121;480309133;
252517237;480309133;5297757239;
252517237;5297757239;5297757237;
252517237;5297757237;480309138;
252517237;480309138;5297757238;
252517237;5297757238;480309143;
252517237;480309143;1105954957;
252517237;1105954957;4718335985;
252517237;4718335985;480309149;
252517237;480309149;4718335984;
252517237;4718335984;480309155;
252517237;480309155;1105954992;
252517237;1105954992;4718336089;
252517237;4718336089;4718335983;
252517237;4718335983;480309162;
252517237;480309162;4718335982;
252517237;4718335982;480309166;
252517237;480309166;1105955001;
252517237;1105955001;4726764018;
252517237;4726764018;4718336103;
252517237;4718336103;4726764015;
252517237;4726764015;480309171;
252517237;480309171;4718335981;
252517237;4718335981;480309175;
252517529;479522366;479522367;
252517529;479522367;479522370;
252517529;479522370;4505031830;
252517529;4505031830;4773520969;
252517529;4773520969;479522372;
252517529;479522372;480346511;
252517529;480346511;479522373;
252517529;479522373;480346512;
252517529;480346512;4773520967;
252517529;4773520967;479522374;
252517529;479522374;4773520962;
252517529;4773520962;4468092389;
252517529;4468092389;1296455210;
252517529;1296455210;1296455214;
252517529;1296455214;111447973;
252553519;2585842448;2585842449;
252553519;2585842449;314047582;
252553589;2585843252;4598151045;
252553589;4598151045;4598151044;
252553589;4598151044;2585843255;
252553589;2585843255;2585842448;
252553589;2585842448;4598151043;
252553589;4598151043;2585843254;
252553589;2585843254;4598151049;
252553589;4598151049;4598151048;
252553589;4598151048;2585843253;
252553589;2585843253;4598151047;
252553589;4598151047;4598151046;
252553589;4598151046;2585843252;
297436768;3897689917;3013289230;
297436768;3013289230;3013289231;
297436768;3013289231;3013289232;
297436768;3013289232;3013289533;
297436774;3013289611;3013289612;
309557726;3149005252;3149005253;
309557728;3149005257;5306581357;
309557728;5306581357;480476970;
309557728;480476970;4504937453;
309557728;4504937453;5306581358;
309557728;5306581358;5306581359;
309557728;5306581359;480476967;
309557728;480476967;5297757270;
309557728;5297757270;5306581360;
309557728;5306581360;480476966;
309557728;480476966;480476965;
309557728;480476965;480476964;
309557728;480476964;480476963;
309557728;480476963;4468090961;
309557728;4468090961;5297767418;
309557728;5297767418;480476961;
309557728;480476961;5297767419;
309557728;5297767419;4468090962;
309557728;4468090962;5297767420;
309557728;5297767420;5297768021;
309557728;5297768021;480476960;
309557728;480476960;5297768022;
309557728;5297768022;5297768023;
309557728;5297768023;480476959;
309557728;480476959;480482975;
309557728;480482975;480476958;
309557728;480476958;480323936;
371359867;497991108;497185205;
371359867;497185205;4468029174;
371359867;4468029174;311887303;
371359867;311887303;312403836;
371359867;312403836;311886935;
371359867;311886935;4951634814;
371359867;4951634814;311886810;
371359869;314075173;1788787121;
371359869;1788787121;481410608;
371359869;481410608;4457286115;
371359869;4457286115;311886862;
371359869;311886862;4567051378;
371359869;4567051378;314075061;
371359870;481410572;4581766036;
371359870;4581766036;481392121;
371359870;481392121;4728190625;
371359870;4728190625;4581766034;
371359870;4581766034;4581766035;
371359870;4581766035;3749380448;
371359870;3749380448;481392122;
371359871;481410597;481410594;
371359872;412753749;90379759;
371359872;90379759;481392111;
371359872;481392111;481392108;
386286203;3896080908;4718335950;
386286203;4718335950;3896080909;
386286203;3896080909;3896080910;
386286203;3896080910;3896080911;
386286231;3025460919;3896082177;
386286231;3896082177;3896082056;
386286231;3896082056;3896082166;
386440054;3897692188;3897692194;
386440185;312403078;497176047;
386440185;497176047;497176041;
386440185;497176041;497176042;
386440185;497176042;497176044;
386440185;497176044;312403297;
386440291;848507131;3897692200;
386440291;3897692200;3897692201;
386440291;3897692201;3897692202;
386440291;3897692202;3897692203;
386440291;3897692203;3897692204;
386440291;3897692204;3897692205;
386440291;3897692205;3897692207;
386440291;3897692207;3897692208;
386440291;3897692208;314075692;
386440360;3897689910;3897689914;
386440360;3897689914;3897689915;
386440360;3897689915;3897689917;
386440378;314075692;3897692209;
386440378;3897692209;3897692210;
386440378;3897692210;3897692211;
386440378;3897692211;3897692213;
386440378;3897692213;3897692218;
386440378;3897692218;3897692222;
386440378;3897692222;3897692226;
386440378;3897692226;3897692227;
420836403;4207318469;4207318480;
420836403;4207318480;4207318468;
420836403;4207318468;4207318473;
420836403;4207318473;4207318483;
420836403;4207318483;4207318485;
420836403;4207318485;4207318478;
420836403;4207318478;4207318481;
420836403;4207318481;4207327897;
420836403;4207327897;4207318472;
420836403;4207318472;4207318484;
420836403;4207318484;4207318474;
420836403;4207318474;4207327889;
420836403;4207327889;4207327891;
420836403;4207327891;4207327898;
420836403;4207327898;4207318486;
420836403;4207318486;4207327902;
420836403;4207327902;4207318470;
420836403;4207318470;4207318479;
420836403;4207318479;4207327890;
420836403;4207327890;4207318482;
420836403;4207318482;4207327901;
420836403;4207327901;4207327899;
420836403;4207327899;4207327894;
420836403;4207327894;4207318471;
420836403;4207318471;4207327896;
420836403;4207327896;4207327893;
420836403;4207327893;4207318475;
420836403;4207318475;4207318487;
420836403;4207318487;4207318477;
420836403;4207318477;4207318476;
420836403;4207318476;4207327900;
420836403;4207327900;4207318488;
420836403;4207318488;4207327895;
420836403;4207327895;4207327892;
440383195;480476991;5306581361;
440383195;5306581361;1104140055;
440383195;1104140055;4381036536;
440383195;4381036536;480476990;
440383195;480476990;5306581362;
440383195;5306581362;5306581363;
440383195;5306581363;480476988;
440383195;480476988;5306581374;
440383195;5306581374;5306581364;
440383195;5306581364;4381036549;
440383196;4381036549;5306576637;
440383196;5306576637;5306576636;
440383196;5306576636;4381036551;
440383196;4381036551;5306576638;
440383196;5306576638;480476987;
440383196;480476987;5306576635;
440383196;5306576635;4381036550;
440383196;4381036550;480482982;
440964796;1866946885;428215760;
440964796;428215760;480493283;
446757791;111443919;4439973020;
447041909;4442415862;4442415863;
447041910;4442415864;4442415865;
447064232;4442622618;4442622619;
447064232;4442622619;4442622620;
448746722;311887526;5306591417;
448746722;5306591417;111443919;
448746722;111443919;4457286117;
448746722;4457286117;111443920;
448746722;111443920;5306591418;
448746722;5306591418;90380816;
448746722;90380816;4565597405;
448746722;4565597405;4722390330;
448746722;4722390330;4565597406;
448746722;4565597406;4722390329;
448746722;4722390329;1353859181;
448746722;1353859181;4722390327;
448746722;4722390327;122528341;
448854875;314046505;1788786454;
448854875;1788786454;1788786459;
448854876;314046505;4758581028;
448854876;4758581028;4758581027;
448854876;4758581027;314046503;
448854876;314046503;4758581029;
448854876;4758581029;314046502;
448854876;314046502;1788786455;
448854877;311888768;2066725825;
448854877;2066725825;314044278;
448854877;314044278;2585474947;
448854877;2585474947;311888767;
448854877;311888767;311888766;
448854877;311888766;311888764;
448854877;311888764;4598152765;
448854877;4598152765;311888763;
448854877;311888763;4598152764;
448854877;4598152764;1788787398;
448854877;1788787398;1788787279;
449891757;480323939;1788785758;
449891757;1788785758;4468090963;
449891757;4468090963;4468090964;
449891760;4468090979;4468090980;
449891760;4468090980;5297757245;
449891760;5297757245;4468090981;
449891760;4468090981;4468090982;
449891761;4468090984;4468090985;
449891761;4468090985;4468090986;
449891761;4468090986;4468090987;
449891761;4468090987;4468090988;
449902000;4468207742;4468207743;
449902001;4468207747;4468207746;
449902001;4468207746;4468207745;
449902001;4468207745;4468207744;
449902003;4468207744;492273252;
449902004;492273248;4468207751;
449902004;4468207751;4468207748;
449902004;4468207748;4468207749;
449902004;4468207749;4722390242;
449902004;4722390242;4468207750;
449902004;4468207750;4468207751;
449902006;314074281;314074282;
449902006;314074282;4581574186;
449902006;4581574186;314074283;
449902006;314074283;3013289533;
449902006;3013289533;314074284;
449902006;314074284;4581574185;
449902006;4581574185;314074285;
449902006;314074285;4581574184;
449902006;4581574184;314074286;
449902006;314074286;311888509;
453808763;4504937422;4504937421;
453808763;4504937421;4504937420;
453808763;4504937420;4504937408;
453808763;4504937408;480477009;
453808764;4504937409;1104146363;
453808764;1104146363;480477004;
453808766;480482974;5297768025;
453808766;5297768025;4504937428;
453808766;4504937428;480476951;
453808766;480476951;5297768028;
453808766;5297768028;5297768027;
453808766;5297768027;480476953;
453808766;480476953;4728190685;
453808766;4728190685;480476954;
453808766;480476954;480476955;
453808767;4504937436;4504937437;
453808767;4504937437;480348672;
453808768;4504937441;4504937442;
453808768;4504937442;4718335966;
453808768;4718335966;4504937437;
453808769;4504937443;4504937444;
453808770;4504937445;4504937446;
453808770;4504937446;4504937447;
453808771;480328309;480328311;
453808772;480486045;5306576630;
453808772;5306576630;480486046;
453808772;480486046;4728188778;
453808772;4728188778;4504937455;
453808772;4504937455;4728188777;
453808772;4728188777;480486048;
453808772;480486048;4728188779;
453808772;4728188779;480486049;
453808774;122528348;5306607690;
453808774;5306607690;5306607691;
453808774;5306607691;122528349;
453808774;122528349;5306607692;
453808774;5306607692;122528351;
453808774;122528351;480495881;
453808774;480495881;311888920;
453808774;311888920;480495869;
453808774;480495869;4567051371;
453808774;4567051371;122523494;
453808776;480495862;5306607680;
453808776;5306607680;4457286116;
453808776;4457286116;5306607687;
453808776;5306607687;1106195776;
453808776;1106195776;480495861;
453808776;480495861;1279341533;
453808776;1279341533;5306607689;
453808776;5306607689;4567116245;
453808776;4567116245;122528349;
453808780;428215639;480493303;
453808780;480493303;480494925;
453808783;4504937504;4504937505;
453808783;4504937505;4504937506;
453808784;481410594;481410572;
453808784;481410572;4728190623;
453808784;4728190623;4728190624;
453808784;4728190624;1264279411;
453808784;1264279411;1264279335;
453808785;428215653;4504937521;
453808785;4504937521;4504937510;
453808785;4504937510;4504937511;
453814127;428215721;4504981035;
453814127;4504981035;4504981036;
453814129;314075691;314075692;
453820400;312403297;312403298;
453820400;312403298;312403300;
453820401;314047355;314047357;
453820405;480486065;480486051;
453820406;480476926;4505031808;
453820407;4505031809;4505031810;
453820408;4505031811;2112386339;
453820408;2112386339;285951312;
453820408;285951312;4505031812;
453820409;4468090975;4505031811;
453820410;480346202;480346209;
453820411;1108123743;480346408;
461163505;314075473;4567061527;
461163505;4567061527;4567061528;
462819038;4581547016;4581547017;
462819038;4581547017;4581547018;
462819038;4581547018;4581547019;
462819038;4581547019;4581547020;
462819038;4581547020;4581547021;
462819039;1770841600;4581547022;
462819039;4581547022;4581547024;
462819039;4581547024;4581547023;
462819040;4581547024;4581547025;
462822062;1788786460;4581574151;
462822062;4581574151;4581574152;
462822062;4581574152;4722390245;
462822062;4722390245;4722390246;
462822065;4581574166;4581574167;
462822065;4581574167;5306571185;
462822065;5306571185;5306571186;
462822065;5306571186;4581574168;
462822065;4581574168;5306571187;
462822065;5306571187;4581574169;
464734850;311886215;311886214;
476106244;4697553892;4697553893;
476106244;4697553893;4697553894;
476106245;4697553893;4697553895;
476106245;4697553895;4697553896;
478621050;4504937436;4718335966;
478621050;4718335966;4718335967;
478621050;4718335967;480348672;
478621050;480348672;4718335968;
478621050;4718335968;4504937436;
478636030;4565607103;1353867893;
478636030;1353867893;1353867901;
478636030;1353867901;1353867896;
479077864;4722390241;311888619;
479077865;4722390242;4722390243;
479077865;4722390243;4722390244;
479077867;4722390251;4722390252;
479077871;4722390296;4722390297;
479077871;4722390297;4722390298;
479077871;4722390298;4722390299;
479077873;4722390300;4722390297;
479077873;4722390297;4722390301;
479077879;4722390331;4722390332;
479077879;4722390332;4722390333;
479077879;4722390333;4722390334;
479590111;4726649444;4726649445;
479590111;4726649445;4726649446;
479590111;4726649446;4726649460;
479590111;4726649460;4726649447;
479590111;4726649447;4726649448;
479590111;4726649448;4726649449;
479590111;4726649449;4726649450;
479590111;4726649450;4726649451;
479590111;4726649451;4726649452;
479590111;4726649452;4715631459;
479590113;4726649445;4726649453;
479590113;4726649453;4726649454;
479590113;4726649454;4726649467;
479590113;4726649467;4726649455;
479590113;4726649455;4726649456;
479590113;4726649456;4726649466;
479590113;4726649466;4726649457;
479590113;4726649457;4726649458;
479590113;4726649458;4726649459;
479590113;4726649459;4726649460;
479590115;4726649461;4726649462;
479590115;4726649462;4726649463;
479590115;4726649463;4726649464;
479590115;4726649464;4726649465;
479590115;4726649465;4726649449;
479604320;4726763995;4726763996;
479604320;4726763996;4726763997;
479604320;4726763997;4726763998;
479604320;4726763998;4726763999;
479604320;4726763999;4726764000;
479762460;4728103898;4728103899;
479762460;4728103899;4728103900;
479762460;4728103900;4728103901;
479762460;4728103901;4728103902;
479762460;4728103902;4728103903;
479762460;4728103903;4728103904;
479762460;4728103904;4728103905;
479762460;4728103905;4728103906;
479762460;4728103906;4728103907;
479762460;4728103907;4728103908;
479762460;4728103908;4728103909;
479762460;4728103909;4728103910;
479762460;4728103910;4728103911;
479762460;4728103911;4728103912;
479771717;480494922;4728188785;
479771717;4728188785;4728188784;
479771717;4728188784;428215717;
479771726;428215701;4728190620;
479771726;4728190620;1279320269;
479771726;1279320269;4728190619;
479771726;4728190619;1279320267;
479771726;1279320267;428208841;
479771726;428208841;428215702;
479771726;428215702;428215703;
479771726;428215703;4506932010;
479771726;4506932010;4506932011;
479771726;4506932011;428215704;
479771726;428215704;480482929;
479771726;480482929;428215705;
479771726;428215705;428215706;
479771726;428215706;428215707;
479771726;428215707;428215708;
479771726;428215708;428215709;
479771728;311887521;1104140057;
479771728;1104140057;428208843;
479771728;428208843;480482921;
479771728;480482921;428208842;
479771728;428208842;428208841;
479771728;428208841;5306607695;
479771728;5306607695;428208840;
479771728;428208840;428215654;
479771728;428215654;428208839;
479771728;428208839;428215717;
479771728;428215717;428208837;
479771737;480309175;480309179;
479771737;480309179;5297757262;
479771737;5297757262;4718335977;
479771737;4718335977;4718335976;
479771737;4718335976;480309182;
479771737;480309182;5297757261;
479771737;5297757261;480309188;
479771737;480309188;480319111;
479771737;480319111;480309192;
479771737;480309192;480323903;
479771737;480323903;4504937432;
479771737;4504937432;480309195;
479771737;480309195;4504937431;
479771737;4504937431;4504937430;
479771737;4504937430;4697553890;
479771737;4697553890;480309199;
479771737;480309199;4697553891;
479771737;4697553891;5297757266;
479771737;5297757266;5297757267;
479771737;5297757267;4504937429;
479771740;4728190673;4728190674;
479771740;4728190674;4728190677;
479771748;4728107920;4728107919;
479771748;4728107919;428215710;
479771748;428215710;5306591410;
479771748;5306591410;480482943;
479771748;480482943;5306591411;
479771748;5306591411;480482944;
479771748;480482944;480482945;
479771748;480482945;4468090959;
479771748;4468090959;480482947;
479771748;480482947;1279311050;
479771748;1279311050;480482919;
479771748;480482919;480482949;
479771748;480482949;5297768031;
479771748;5297768031;4468090958;
479771748;4468090958;428216302;
479771748;428216302;480482950;
479771748;480482950;428208843;
479771751;480482912;4728190692;
479771751;4728190692;4728190693;
479771751;4728190693;4728190694;
479771751;4728190694;4728190695;
479771751;4728190695;4728190696;
479771751;4728190696;4728190700;
479771751;4728190700;4728190697;
479771751;4728190697;4728190698;
479771751;4728190698;4728190699;
479771753;428215722;4728188781;
479771753;4728188781;428215723;
479771753;428215723;428216310;
479771753;428216310;428215724;
479771753;428215724;428215725;
479771753;428215725;428215714;
479771755;480319136;5297757255;
479771755;5297757255;3896080918;
479771755;3896080918;4504937443;
479771755;4504937443;480319140;
479771755;480319140;4718335972;
479771755;4718335972;480348688;
479771755;480348688;4718335967;
479771755;4718335967;480348672;
479771755;480348672;4718335968;
479771755;4718335968;4504937440;
479771755;4504937440;480319144;
479771755;480319144;5297757256;
479771755;5297757256;5297757257;
479771755;5297757257;480319146;
479771757;480323927;480476947;
479771757;480476947;4504937410;
479771757;4504937410;4504937411;
479771757;4504937411;480476946;
479771757;480476946;480476945;
479771757;480476945;480476921;
479771757;480476921;1104146352;
479771757;1104146352;4718335964;
479771757;4718335964;5297757250;
479771757;5297757250;480348703;
479771757;480348703;480476942;
479771757;480476942;480477006;
479771757;480477006;4718335965;
479771757;4718335965;480319146;
479771757;480319146;4728080348;
479771757;4728080348;480348685;
479771758;4504937425;480476939;
479771760;480323936;1788785741;
479771760;1788785741;1788785749;
479771760;1788785749;4468090964;
479771760;4468090964;480323939;
479771760;480323939;4728194705;
479771760;4728194705;480323949;
479771760;480323949;4728190673;
479771760;4728190673;480476972;
479771760;480476972;5297757265;
479771760;5297757265;480319118;
479772144;4728194705;4728194706;
479772144;4728194706;4728194707;
479772144;4728194707;4728194708;
479772144;4728194708;4728194709;
479772144;4728194709;4728194710;
483102843;1766382059;1766382063;
483102843;1766382063;1766382062;
483102846;428215782;4567404010;
483102846;4567404010;314075477;
483102846;314075477;2066725816;
483102846;2066725816;1788786326;
483102846;1788786326;5300548939;
483102846;5300548939;311888776;
483102846;311888776;311888513;
483102846;311888513;1788786336;
483102846;1788786336;2585478035;
483102846;2585478035;2585478033;
483102846;2585478033;311888514;
483102846;311888514;311888515;
483102846;311888515;4567404011;
483102846;4567404011;311888516;
483102846;311888516;4567404012;
483102846;4567404012;1788786378;
483102846;1788786378;314075584;
483102846;314075584;314075583;
483102846;314075583;4468092474;
483102846;4468092474;311888517;
483102846;311888517;311888518;
483102846;311888518;4506949788;
483102846;4506949788;4506950189;
483102846;4506950189;311888519;
483102846;311888519;4506949787;
483102846;4506949787;1788786443;
483102846;1788786443;4506949786;
483102846;4506949786;311888520;
483102846;311888520;497171011;
483102846;497171011;1788786461;
483102846;1788786461;4567404013;
483102846;4567404013;497171006;
483102846;497171006;311888521;
483102846;311888521;4506950192;
483102846;4506950192;4506950191;
483102846;4506950191;4506950193;
483102846;4506950193;1788787207;
483102846;1788787207;4506950190;
483102846;4506950190;311888522;
483321208;122523494;4567051372;
483321208;4567051372;122525234;
484596301;480323961;5297757268;
484596301;5297757268;480476982;
484596301;480476982;480476983;
484596301;480476983;4567116246;
484596301;4567116246;4567116247;
484596301;4567116247;480476985;
484596302;480319118;480323957;
484596302;480323957;4504937429;
484596302;4504937429;1104146354;
484596302;1104146354;480323961;
484596303;4728190671;497240496;
484596303;497240496;4773464579;
484596303;4773464579;497240497;
484596303;497240497;4773464578;
484596303;4773464578;497240498;
484596303;497240498;4773464577;
484596303;4773464577;497240500;
484596306;428216032;4773464587;
484596306;4773464587;480500597;
484596306;480500597;314553861;
484596306;314553861;4728107925;
484596306;4728107925;4697553899;
484596306;4697553899;314074258;
484596306;314074258;128668316;
484596306;128668316;428215775;
484596306;428215775;3013289568;
484596306;3013289568;314074321;
484596306;314074321;480486064;
484596306;480486064;3896082166;
484596306;3896082166;3025460919;
484596306;3025460919;5297768041;
484596306;5297768041;3013289569;
484596306;3013289569;493669384;
484596306;493669384;1770354586;
484596306;1770354586;90379618;
484596308;4773464585;4773464586;
484596308;4773464586;4773464588;
484596308;4773464588;4773464587;
484596309;4773464589;4773464590;
484596310;4773464589;4773464591;
484596311;4773464592;4773464593;
484596311;4773464593;4773464594;
484596311;4773464594;4773464595;
484596311;4773464595;4773464596;
484596311;4773464596;4773464597;
484596311;4773464597;4773464598;
484596311;4773464598;4773464599;
484596311;4773464599;4773464600;
484596311;4773464600;4773464601;
484596311;4773464601;4773464602;
506756206;4442513575;4442513576;
506756206;4442513576;4442513577;
506756206;4442513577;4442513578;
506756206;4442513578;4442513579;
506756206;4442513579;4442513580;
506756206;4442513580;4442513581;
506756206;4442513581;4442513582;
506756206;4442513582;1850173563;
518391638;4964246732;4964246754;
518391638;4964246754;4964246730;
518391638;4964246730;4964246729;
518391638;4964246729;5064923760;
518391638;5064923760;4964246728;
518391638;4964246728;4964246727;
518391638;4964246727;4964246726;
518391638;4964246726;4964246725;
518391638;4964246725;4964246724;
518391638;4964246724;4964246723;
518391638;4964246723;4964246722;
518391638;4964246722;4964246721;
518391638;4964246721;4964245620;
518391638;4964245620;4964245619;
518391638;4964245619;4964245618;
518391638;4964245618;4964245617;
518391638;4964245617;4964245616;
518391638;4964245616;4964245615;
518391638;4964245615;4964245614;
518391638;4964245614;4964245613;
518391638;4964245613;4964245612;
518391638;4964245612;4442513575;
547103480;1143317285;5286348352;
547103480;5286348352;5286348353;
547103480;5286348353;5286348354;
547103480;5286348354;5286348355;
547103480;5286348355;5286348356;
547103480;5286348356;5286348357;
547103480;5286348357;5286348358;
547103480;5286348358;5286348359;
547103480;5286348359;5286348360;
547103480;5286348360;5286348361;
548380502;314075504;480309212;
548380502;480309212;480309117;
548380503;4468090967;4505031820;
548380503;4505031820;4468090968;
548380503;4468090968;4505031821;
548380503;4505031821;4468090969;
548380503;4468090969;4468090970;
548380503;4468090970;4468090971;
548380503;4468090971;4468090972;
548380503;4468090972;5297757247;
548380503;5297757247;4468090973;
548380503;4468090973;4468090974;
548380503;4468090974;4468090975;
548381624;5297768037;5297768042;
548381624;5297768042;5297768038;
548381624;5297768038;5297768039;
548381624;5297768039;5297768040;
548381624;5297768040;495570520;
548381624;495570520;5297768041;
548381626;5297768042;5297768073;
548381626;5297768073;5297768072;
548381626;5297768072;5297768043;
548381626;5297768043;5297768069;
548381626;5297768069;5297768071;
548381626;5297768071;5297768070;
548381626;5297768070;5297768044;
548381626;5297768044;5297768068;
548381626;5297768068;5297768067;
548381626;5297768067;5297768045;
548381626;5297768045;5297768066;
548381626;5297768066;5297768046;
548381626;5297768046;5297768047;
548381626;5297768047;5297768065;
548381626;5297768065;5297768048;
548381626;5297768048;5297768064;
548381626;5297768064;5297768049;
548381626;5297768049;5297768050;
548381626;5297768050;5297768063;
548381626;5297768063;5297768051;
548381626;5297768051;5297768052;
548381626;5297768052;5297768053;
548381626;5297768053;5297768060;
548381626;5297768060;5297768061;
548381626;5297768061;5297768054;
548381626;5297768054;5297768062;
548381626;5297768062;5297768058;
548381626;5297768058;5297768059;
548381626;5297768059;5297768055;
548381626;5297768055;5297768056;
548381626;5297768056;5297768057;
548683409;1770841662;5300548972;
548683409;5300548972;5300548973;
548683409;5300548973;5300548977;
548683409;5300548977;5300548974;
548683411;5300548972;1770841726;
548683411;1770841726;5300548975;
548683411;5300548975;5300548976;
548683411;5300548976;5300548977;
548683413;5300548978;5300548979;
548683413;5300548979;5300548972;
549352900;311889074;314028301;
549352900;314028301;314075647;
549352900;314075647;1108247085;
549352900;1108247085;1108123590;
549352900;1108123590;311889073;
549352900;311889073;4567404019;
549352900;4567404019;1788787112;
549352900;1788787112;4567404020;
549352900;4567404020;4567404018;
549352900;4567404018;1788787106;
549352900;1788787106;1788787128;
549352900;1788787128;1788787180;
549352900;1788787180;1788787235;
549352900;1788787235;1788787269;
549352900;1788787269;1788787359;
549352902;5306576631;5306576632;
549352902;5306576632;5306576633;
549352902;5306576633;5306576634;
549352902;5306576634;4381036549;
549352902;4381036549;480482982;
549352902;480482982;5306576631;
549352903;5306576632;480476987;
549352904;480482982;4381036537;
549352904;4381036537;480482984;
549352904;480482984;5306581365;
549352904;5306581365;480482985;
549352904;480482985;4381036538;
549352904;4381036538;4381036539;
549352904;4381036539;4381036544;
549352904;4381036544;480482986;
549352904;480482986;4381036543;
549352904;4381036543;4381036542;
549352904;4381036542;4381036540;
549352904;4381036540;4381036541;
549352904;4381036541;480482987;
549352904;480482987;480482989;
549352904;480482989;5306581366;
549352904;5306581366;480482990;
549352904;480482990;480482991;
549352904;480482991;4381036545;
549352904;4381036545;4381036546;
549352904;4381036546;480482992;
549352904;480482992;4381036548;
549352904;4381036548;4381036547;
549352904;4381036547;480482993;
549352904;480482993;5306581367;
549352904;5306581367;4718335957;
549352904;4718335957;848504882;
549356203;311887143;480496457;
549356203;480496457;5306607707;
549356203;5306607707;5306607715;
549356203;5306607715;5306607708;
549356203;5306607708;5306607709;
549356203;5306607709;5306607714;
549356203;5306607714;5306607710;
549356203;5306607710;5306607713;
549356203;5306607713;5306607719;
549356203;5306607719;5306607711;
549356203;5306607711;5306607712;
