1;629;144
2;621;144
3;649;109
4;650;102
5;626;162
6;648;167
7;657;168
8;661;168
9;648;157
10;648;176
11;636;171
12;647;189
13;591;142
14;593;125
15;557;135
16;555;124
17;537;141
18;539;150
19;560;147
20;536;136
21;588;115
22;590;117
23;633;110
24;637;100
25;561;113
26;541;169
27;565;173
28;558;102
29;627;135
30;631;124
31;620;153
32;613;159
33;563;169
34;566;171
35;527;110
36;669;122
37;703;133
38;696;130
39;693;141
40;681;138
41;676;141
42;675;147
43;675;152
44;713;146
45;717;132
46;728;132
47;730;150
48;728;127
49;720;122
50;702;117
51;685;130
52;670;133
53;668;145
54;665;152
55;749;132
56;734;132
57;736;106
58;750;155
59;739;152
60;752;155
61;722;117
62;741;91
63;498;204
64;500;204
65;514;203
66;517;204
67;520;205
68;552;217
69;555;219
70;559;222
71;565;229
72;568;231
73;580;240
74;582;241
75;603;252
76;604;253
77;635;242
78;624;239
79;624;244
80;616;239
81;616;247
82;662;244
83;675;249
84;719;238
85;744;236
86;754;235
87;763;235
88;767;235
89;775;237
90;781;239
91;798;248
92;532;209
93;670;131
94;674;123
95;676;117
96;660;159
97;506;117
98;522;111
99;526;110
100;526;164
101;516;159
102;514;158
103;567;189
104;592;185
105;520;153
106;688;119
107;634;191
108;675;126
109;675;125
110;707;163
111;702;177
112;732;170
113;733;183
114;745;174
115;765;158
116;613;195
117;631;189
118;596;201
119;616;226
120;661;199
121;628;227
122;574;161
123;575;159
124;585;160
125;586;161
126;588;166
127;599;175
128;606;176
129;607;176
130;654;205
131;652;202
132;721;212
133;738;195
134;718;220
135;718;193
136;752;184
137;728;185
138;727;186
139;727;186
140;711;198
141;702;203
142;737;189
143;559;79
144;578;83
145;533;138
146;526;165
147;529;194
148;527;193
149;524;193
150;522;192
151;520;178
152;521;175
153;486;198
154;628;187
155;622;182
156;632;170
157;636;197
158;634;192
159;634;198
160;680;209
161;669;213
162;666;218
163;666;218
164;716;225
165;712;229
166;706;231
167;703;231
168;698;230
169;682;222
170;689;202
171;690;220
172;740;227
173;688;224
174;684;173
175;677;171
176;781;167
177;773;174
178;766;178
179;624;237
180;485;197
181;488;198
182;568;169
183;572;168
184;617;175
185;585;165
186;610;163
187;563;173
188;677;105
189;676;163
190;686;169
191;677;165
192;658;151
193;623;197
194;634;193
195;631;202
196;619;213
197;617;217
198;615;220
199;614;221
200;613;222
201;610;224
202;608;225
203;606;225
204;603;225
205;600;224
206;597;223
207;595;223
208;616;229
209;613;230
210;611;231
211;606;234
212;595;248
213;601;239
214;606;250
215;604;249
216;598;243
217;600;203
218;668;231
219;530;79
220;615;127
221;593;153
222;588;167
223;621;142
224;617;130
225;617;166
226;619;160
227;681;277
228;678;117
229;675;106
230;680;126
231;690;138
232;785;158
233;513;157
234;703;103
235;707;106
236;708;107
237;709;109
238;709;110
239;709;111
240;709;112
241;708;113
242;707;114
243;670;117
244;673;124
245;670;107
246;592;153
247;530;80
248;529;85
249;529;86
250;539;111
251;704;122
252;701;129
253;699;125
254;657;146
255;659;146
256;666;146
257;668;147
258;671;158
259;689;175
260;694;165
261;689;163
262;706;166
263;634;178
264;612;196
265;614;202
266;614;222
267;614;205
268;618;202
269;620;202
270;626;200
271;610;219
272;604;219
273;624;209
274;619;202
275;613;209
276;596;214
277;610;217
278;600;230
279;598;229
280;595;217
281;612;227
282;608;228
283;604;237
284;585;220
285;574;227
286;581;230
287;582;231
288;586;220
289;594;209
290;580;188
291;583;188
292;583;189
293;585;197
294;559;220
295;578;236
296;568;229
297;567;193
298;574;189
299;555;208
300;553;207
301;559;210
302;570;223
303;567;213
304;557;218
305;506;196
306;507;197
307;515;198
308;519;197
309;524;196
310;527;197
311;528;198
312;528;199
313;533;203
314;532;204
315;530;203
316;529;204
317;533;208
318;536;209
319;539;210
320;543;212
321;627;207
322;629;208
323;631;209
324;632;210
325;634;212
326;665;211
327;626;196
328;627;200
329;655;221
330;662;224
331;664;227
332;657;238
333;658;207
334;655;207
335;653;208
336;651;209
337;651;209
338;650;218
339;651;210
340;633;227
341;639;240
342;653;242
343;648;230
344;729;184
345;548;215
346;638;143
347;658;138
348;640;143
349;659;143
350;658;145
351;662;132
352;666;140
353;611;112
354;600;113
355;661;139
356;649;140
357;570;226
358;550;205
359;555;172
360;635;101
361;670;120
362;723;103
363;584;219
364;531;242
365;569;287
366;559;277
367;550;263
368;530;251
369;536;246
370;566;285
371;531;253
372;562;281
373;669;236
374;525;245
375;522;238
376;568;286
377;655;238
378;558;274
379;666;219
380;526;245
381;527;239
382;555;267
383;535;246
384;541;252
385;651;236
386;516;235
387;661;217
388;556;269
389;528;247
390;657;220
391;545;257
392;546;259
393;528;248
394;564;170
395;565;170
396;565;172
397;676;141
398;595;176
399;593;181
400;681;247
401;697;233
402;688;225
403;686;231
404;675;175
405;670;248
406;707;144
407;676;153
408;707;144
409;673;153
410;675;153
411;700;160
412;602;247
413;602;229
414;611;223
415;614;226
416;595;247
417;571;232
418;533;209
419;625;163
420;640;163
421;628;162
422;647;166
423;638;167
424;638;163
425;567;170
426;567;171
427;565;173
428;571;167
429;581;166
430;566;172
431;639;164
432;583;165
433;568;170
434;640;164
435;573;168
436;571;167
437;570;169
438;608;172
439;663;203
440;675;205
441;683;200
442;663;199
443;688;193
444;682;191
445;669;190
446;679;190
447;523;106
448;529;142
449;612;157
450;608;157
451;707;109
452;551;204
453;551;203
454;551;202
455;552;201
456;553;200
457;553;199
458;555;198
459;559;197
460;564;195
461;566;194
462;661;155
463;679;221
464;677;226
465;731;238
466;740;228
467;737;230
468;733;229
469;731;229
470;696;210
471;700;202
472;566;180
473;527;194
474;482;195
475;567;186
476;583;166
477;567;187
478;586;166
479;567;183
480;566;179
481;590;176
482;565;177
483;700;189
484;746;221
485;701;231
486;692;220
487;602;210
488;658;150
489;667;138
490;671;134
491;661;134
492;671;122
493;683;222
494;633;190
495;634;189
496;582;188
497;667;186
498;617;176
499;619;176
500;608;175
501;616;175
502;620;175
503;623;170
504;568;168
505;624;168
506;609;163
507;674;161
508;672;159
509;615;158
510;613;159
511;613;158
512;679;153
513;665;152
514;658;151
515;666;148
516;666;148
517;659;147
518;666;147
519;658;147
520;660;145
521;655;145
522;655;144
523;661;138
524;543;205
525;567;189
526;567;188
527;564;175
528;562;174
529;564;174
530;561;114
531;586;109
532;558;104
533;570;217
534;570;216
535;685;206
536;576;158
537;571;158
538;574;158
539;576;159
540;574;157
541;573;157
542;574;160
543;577;159
544;681;277
545;673;249
546;669;236
547;669;236
548;669;236
549;668;231
550;576;235
551;570;233
552;571;232
553;739;229
554;566;228
555;566;227
556;594;206
557;593;206
558;591;205
559;595;206
560;589;205
561;597;203
562;599;203
563;533;202
564;506;197
565;529;193
566;529;193
567;730;188
568;729;188
569;728;187
570;764;180
571;689;174
572;784;164
573;524;163
574;522;162
575;521;161
576;516;161
577;517;160
578;514;160
579;670;134
580;605;122
581;612;122
582;605;121
583;612;120
584;601;120
585;601;120
586;605;120
587;600;119
588;612;119
589;611;119
590;612;119
591;612;118
592;600;115
593;611;114
594;526;108
595;543;213
596;536;211
597;553;172
598;698;223
599;695;222
600;701;224
601;698;223
602;728;184
603;676;210
604;620;166
605;612;165
606;657;184
607;627;245
608;675;108
609;674;106
610;674;106
611;673;105
612;604;175
613;594;179
614;608;163
615;599;174
616;599;174
617;616;174
618;619;193
619;627;190
620;623;190
621;619;192
622;624;190
623;624;189
624;623;191
625;628;189
626;628;187
627;627;190
628;628;189
629;628;189
630;667;169
631;588;165
632;589;163
633;686;136
634;682;131
635;767;151
636;777;150
637;782;154
638;755;156
639;691;219
640;738;188
641;735;188
642;735;188
643;740;188
644;735;188
645;730;187
646;729;188
647;741;188
648;735;186
649;542;181
650;543;181
651;544;180
652;541;181
653;541;180
654;541;180
655;541;179
656;705;178
657;702;177
658;543;176
659;544;176
660;544;173
661;546;172
662;547;170
663;661;189
664;676;163
665;699;142
666;675;181
667;688;164
668;674;181
669;684;164
670;672;159
671;679;180
672;686;163
673;664;188
674;688;156
675;710;119
676;676;158
677;678;209
678;689;178
679;688;179
680;691;209
681;688;209
682;689;178
683;680;209
684;675;202
685;671;212
686;683;220
687;679;227
688;675;225
689;673;234
690;673;226
691;684;219
692;693;209
693;690;237
694;692;236
695;686;238
696;695;234
697;652;239
698;633;227
699;638;223
700;658;218
701;660;204
702;661;235
703;666;245
704;658;219
705;638;223
706;659;237
707;664;230
708;664;244
709;661;220
710;644;221
711;634;226
712;660;203
713;630;227
714;656;213
715;658;237
716;658;220
717;648;220
718;656;215
719;637;224
720;663;233
721;665;228
722;657;216
723;635;225
724;641;222
725;640;222
726;638;223
727;667;246
728;662;234
729;646;221
730;645;221
731;652;239
732;657;218
733;650;224
734;653;222
735;648;225
736;659;220
737;652;223
738;660;220
739;662;223
740;659;223
741;651;227
742;657;243
743;637;230
744;635;226
745;637;229
746;654;243
747;636;228
748;637;229
749;636;228
750;654;207
751;639;231
752;658;209
753;656;212
754;665;215
755;667;222
756;673;248
757;641;240
758;624;244
759;622;239
760;623;246
761;624;246
762;623;247
763;600;245
764;615;243
765;615;246
766;667;221
767;667;221
768;667;221
769;658;201
770;701;204
771;670;190
772;677;189
773;667;188
774;668;188
775;667;188
776;664;189
777;662;190
778;661;189
779;700;188
780;696;195
781;700;190
782;700;190
783;700;189
784;696;196
785;700;189
786;699;188
787;699;204
788;699;191
789;696;196
790;697;193
791;700;203
792;698;193
793;696;194
794;700;204
795;696;195
796;651;200
797;645;190
798;647;194
799;647;193
800;647;192
801;649;197
802;648;189
803;616;238
804;623;220
805;627;227
806;623;226
807;627;226
808;628;227
809;628;226
810;627;227
811;628;227
812;629;226
813;628;226
814;610;220
815;611;221
816;597;245
817;599;235
818;599;235
819;597;230
820;596;240
821;597;239
822;594;230
823;598;230
824;591;233
825;593;231
826;593;230
827;593;233
828;591;233
829;593;233
830;593;231
831;593;230
832;593;230
833;593;233
834;589;234
835;589;234
836;592;232
837;592;232
838;591;233
839;593;233
840;591;233
841;592;232
842;589;234
843;593;233
844;591;233
845;588;234
846;591;233
847;592;233
848;591;233
849;593;233
850;592;232
851;589;234
852;592;232
853;592;231
854;593;233
855;593;233
856;592;233
857;592;232
858;594;233
859;594;233
860;593;230
861;592;232
862;584;220
863;583;227
864;584;228
865;581;225
866;586;230
867;585;229
868;581;224
869;583;227
870;587;231
871;581;225
872;595;227
873;585;222
874;587;219
875;596;227
876;595;227
877;585;222
878;592;222
879;592;222
880;594;222
881;594;224
882;595;221
883;595;218
884;594;222
885;594;224
886;594;219
887;593;223
888;591;222
889;595;219
890;594;224
891;594;224
892;595;219
893;594;218
894;595;219
895;595;219
896;591;222
897;592;222
898;592;222
899;593;223
900;594;222
901;591;222
902;594;224
903;592;222
904;592;222
905;592;222
906;595;224
907;592;222
908;594;219
909;595;219
910;591;213
911;594;219
912;594;219
913;587;219
914;587;219
915;587;219
916;587;220
917;587;220
918;587;220
919;587;220
920;604;208
921;604;207
922;604;207
923;604;207
924;604;207
925;604;206
926;601;203
927;601;202
928;604;206
929;601;203
930;601;203
931;601;203
932;602;202
933;613;198
934;613;197
935;615;200
936;613;196
937;614;198
938;615;199
939;613;196
940;616;199
941;613;196
942;615;199
943;615;199
944;615;199
945;614;199
946;614;201
947;615;200
948;615;199
949;614;199
950;615;200
951;613;196
952;615;202
953;615;202
954;615;201
955;615;202
956;632;189
957;631;189
958;603;201
959;634;191
960;615;194
961;636;191
962;692;230
963;694;228
964;710;230
965;729;228
966;725;231
967;748;226
968;747;222
969;749;225
970;725;227
971;722;226
972;727;226
973;747;227
974;749;225
975;747;223
976;748;223
977;748;224
978;748;226
979;730;226
980;715;227
981;699;243
982;692;221
983;692;220
984;692;220
985;692;220
986;692;220
987;692;221
988;692;220
989;588;234
990;593;230
991;717;220
992;700;216
993;700;215
994;701;216
995;699;213
996;712;218
997;713;218
998;712;219
999;712;219
1000;699;214
1001;712;219
1002;695;212
1003;699;213
1004;700;216
1005;713;218
1006;695;213
1007;699;214
1008;696;211
1009;701;213
1010;712;218
1011;719;217
1012;713;215
1013;698;215
1014;699;215
1015;699;214
1016;699;215
1017;701;213
1018;700;213
1019;700;213
1020;701;213
1021;700;213
1022;699;215
1023;699;214
1024;698;216
1025;700;213
1026;701;213
1027;700;213
1028;699;215
1029;700;212
1030;698;216
1031;699;215
1032;699;216
1033;700;214
1034;701;213
1035;736;218
1036;747;222
1037;750;220
1038;730;210
1039;743;206
1040;728;211
1041;729;211
1042;727;214
1043;727;198
1044;727;198
1045;727;197
1046;523;165
1047;517;171
1048;519;172
1049;518;184
1050;674;125
1051;667;136
1052;666;148
1053;659;147
1054;700;188
1055;691;180
1056;693;181
1057;690;179
1058;681;179
1059;680;180
1060;680;180
1061;674;177
1062;658;182
1063;655;189
1064;657;187
1065;655;181
1066;657;180
1067;655;180
1068;656;180
1069;656;180
1070;657;180
1071;654;186
1072;658;181
1073;653;189
1074;659;177
1075;658;178
1076;656;178
1077;656;178
1078;655;177
1079;664;155
1080;657;179
1081;662;163
1082;658;154
1083;657;179
1084;658;178
1085;658;162
1086;647;176
1087;648;164
1088;647;165
1089;647;165
1090;648;164
1091;648;164
1092;648;164
1093;646;165
1094;648;163
1095;640;163
1096;625;190
1097;624;190
1098;624;190
1099;631;171
1100;631;170
1101;631;171
1102;631;171
1103;631;171
1104;631;171
1105;632;170
1106;629;170
1107;629;170
1108;628;170
1109;628;170
1110;618;179
1111;617;178
1112;620;181
1113;619;180
1114;617;176
1115;618;180
1116;615;194
1117;618;180
1118;618;180
1119;616;182
1120;617;181
1121;617;181
1122;614;193
1123;619;181
1124;616;194
1125;616;194
1126;614;195
1127;617;177
1128;614;194
1129;614;194
1130;614;193
1131;619;181
1132;618;180
1133;618;179
1134;614;195
1135;615;194
1136;617;181
1137;615;194
1138;608;197
1139;607;197
1140;595;175
1141;595;175
1142;595;175
1143;595;175
1144;616;175
1145;609;175
1146;610;174
1147;619;175
1148;599;175
1149;594;175
1150;597;175
1151;595;175
1152;610;174
1153;608;173
1154;595;175
1155;608;175
1156;605;176
1157;608;174
1158;609;174
1159;594;175
1160;609;174
1161;608;173
1162;608;173
1163;595;206
1164;596;202
1165;596;202
1166;595;201
1167;598;203
1168;572;186
1169;566;177
1170;573;188
1171;564;175
1172;570;184
1173;570;185
1174;569;180
1175;569;181
1176;525;132
1177;531;136
1178;522;129
1179;523;131
1180;520;124
1181;533;137
1182;586;204
1183;589;205
1184;586;204
1185;589;205
1186;586;204
1187;591;205
1188;586;211
1189;586;213
1190;586;205
1191;586;215
1192;585;199
1193;585;217
1194;585;218
1195;585;220
1196;585;219
1197;584;220
1198;580;208
1199;582;214
1200;583;216
1201;580;238
1202;573;232
1203;568;225
1204;569;226
1205;568;225
1206;568;225
1207;570;222
1208;569;224
1209;569;224
1210;570;220
1211;569;225
1212;569;225
1213;566;226
1214;570;219
1215;652;227
1216;652;226
1217;655;224
1218;653;225
1219;653;225
1220;657;223
1221;652;226
1222;652;226
1223;653;225
1224;652;226
1225;653;225
1226;650;235
1227;648;230
1228;647;228
1229;585;244
1230;566;230
1231;567;211
1232;571;213
1233;555;217
1234;555;208
1235;587;186
1236;551;217
1237;547;212
1238;543;213
1239;543;213
1240;543;213
1241;544;211
1242;551;216
1243;551;215
1244;551;216
1245;551;214
1246;551;216
1247;543;213
1248;545;211
1249;551;214
1250;551;216
1251;544;211
1252;544;211
1253;544;211
1254;551;214
1255;657;146
1256;668;148
1257;616;249
1258;560;210
1259;552;200
1260;548;207
1261;535;203
1262;538;204
1263;540;204
1264;549;206
1265;548;207
1266;548;207
1267;547;207
1268;656;210
1269;656;210
1270;658;209
1271;656;210
1272;656;211
1273;657;209
1274;567;174
1275;566;173
1276;567;173
1277;567;174
1278;567;172
1279;568;174
1280;567;174
1281;568;174
1282;567;174
1283;566;173
1284;568;170
1285;572;187
1286;568;171
1287;569;184
1288;570;185
1289;568;183
1290;570;185
1291;568;183
1292;567;179
1293;568;183
1294;569;184
1295;568;184
1296;570;185
1297;569;184
1298;569;184
1299;569;187
1300;569;186
1301;568;179
1302;567;179
1303;566;178
1304;566;178
1305;567;179
1306;571;185
1307;569;182
1308;571;184
1309;570;182
1310;569;181
1311;570;183
1312;570;183
1313;570;181
1314;569;181
1315;572;186
1316;573;186
1317;575;184
1318;576;186
1319;575;184
1320;575;186
1321;574;186
1322;574;185
1323;573;186
1324;576;185
1325;576;185
1326;573;187
1327;574;185
1328;574;186
1329;576;185
1330;576;186
1331;574;186
1332;574;185
1333;576;185
1334;575;184
1335;576;185
1336;575;184
1337;575;186
1338;573;186
1339;574;185
1340;573;187
1341;573;186
1342;571;184
1343;573;181
1344;574;184
1345;571;185
1346;572;182
1347;573;183
1348;572;183
1349;572;183
1350;571;184
1351;573;181
1352;574;184
1353;573;183
1354;572;182
1355;571;185
1356;574;184
1357;572;182
1358;572;183
1359;573;183
1360;572;183
1361;574;184
1362;572;183
1363;573;183
1364;573;183
1365;571;183
1366;574;184
1367;571;181
1368;572;183
1369;579;177
1370;583;176
1371;579;173
1372;577;171
1373;576;171
1374;584;182
1375;579;175
1376;579;174
1377;581;181
1378;579;173
1379;579;173
1380;581;181
1381;583;176
1382;580;179
1383;581;181
1384;579;176
1385;582;182
1386;575;169
1387;578;171
1388;575;168
1389;583;182
1390;576;170
1391;584;181
1392;584;182
1393;579;177
1394;585;181
1395;582;182
1396;577;171
1397;582;171
1398;582;170
1399;576;171
1400;578;171
1401;581;170
1402;577;171
1403;582;170
1404;577;171
1405;581;170
1406;582;171
1407;567;190
1408;570;168
1409;570;168
1410;575;167
1411;569;169
1412;572;188
1413;577;187
1414;735;238
1415;771;236
1416;693;168
1417;742;199
1418;740;196
1419;741;196
1420;728;197
1421;724;196
1422;738;188
1423;751;193
1424;752;193
1425;734;185
1426;734;185
1427;736;185
1428;733;183
1429;727;187
1430;728;187
1431;735;188
1432;728;187
1433;727;185
1434;749;178
1435;749;176
1436;662;199
1437;663;198
1438;663;192
1439;659;224
1440;659;224
1441;659;224
1442;724;168
1443;723;173
1444;723;174
1445;723;170
1446;722;175
1447;724;168
1448;724;170
1449;724;169
1450;695;213
1451;694;214
1452;694;213
1453;695;213
1454;694;214
1455;694;214
1456;695;212
1457;696;211
1458;695;211
1459;695;213
1460;694;214
1461;696;211
1462;694;214
1463;695;213
1464;694;213
1465;695;211
1466;694;214
1467;695;212
1468;695;212
1469;563;224
1470;651;199
1471;653;199
1472;729;184
1473;691;171
1474;704;173
1475;678;166
1476;683;173
1477;678;172
1478;682;173
1479;664;157
1480;663;159
1481;732;176
1482;732;176
1483;732;176
1484;732;176
1485;731;174
1486;732;174
1487;732;174
1488;732;174
1489;692;157
1490;689;160
1491;689;160
1492;689;159
1493;688;157
1494;686;205
1495;660;218
1496;680;164
1497;681;164
1498;679;160
1499;680;163
1500;683;165
1501;660;179
1502;656;167
1503;634;243
1504;634;242
1505;627;244
1506;627;245
1507;634;242
1508;627;245
1509;627;245
1510;635;242
1511;623;235
1512;620;239
1513;620;238
1514;627;229
1515;627;229
1516;629;229
1517;620;239
1518;627;230
1519;628;229
1520;628;229
1521;617;236
1522;629;230
1523;621;240
1524;616;239
1525;619;240
1526;615;242
1527;615;246
1528;606;240
1529;615;239
1530;603;240
1531;606;238
1532;609;239
1533;609;238
1534;606;242
1535;606;239
1536;608;237
1537;603;243
1538;606;242
1539;603;239
1540;605;243
1541;606;239
1542;609;239
1543;629;228
1544;652;208
1545;661;202
1546;661;201
1547;656;143
1548;657;145
1549;657;145
1550;658;146
1551;657;145
1552;657;145
1553;658;145
1554;657;145
1555;657;145
1556;666;147
1557;658;151
1558;659;146
1559;658;151
1560;659;147
1561;666;146
1562;658;146
1563;658;151
1564;657;146
1565;659;145
1566;672;143
1567;670;141
1568;672;141
1569;672;141
1570;670;140
1571;671;143
1572;672;141
1573;670;139
1574;672;141
1575;672;140
1576;672;143
1577;670;141
1578;675;142
1579;671;140
1580;671;140
1581;671;140
1582;671;141
1583;672;140
1584;671;139
1585;671;143
1586;671;140
1587;671;140
1588;671;141
1589;671;139
1590;671;141
1591;670;141
1592;671;140
1593;672;143
1594;671;140
1595;672;142
1596;672;142
1597;666;148
1598;665;152
1599;665;152
1600;667;148
1601;665;152
1602;665;152
1603;667;147
1604;668;146
1605;676;141
1606;675;141
1607;675;150
1608;678;153
1609;675;150
1610;674;150
1611;675;150
1612;675;149
1613;675;150
1614;674;150
1615;675;145
1616;692;157
1617;720;154
1618;720;154
1619;720;154
1620;720;154
1621;725;150
1622;721;167
1623;724;156
1624;725;151
1625;725;149
1626;723;160
1627;723;160
1628;707;162
1629;721;167
1630;676;141
1631;640;145
1632;640;156
1633;642;142
1634;626;163
1635;626;162
1636;625;162
1637;628;162
1638;626;162
1639;627;162
1640;617;179
1641;617;179
1642;619;162
1643;620;156
1644;622;161
1645;618;165
1646;626;160
1647;626;158
1648;621;145
1649;618;156
1650;621;147
1651;620;151
1652;619;154
1653;618;176
1654;596;205
1655;600;203
1656;596;204
1657;596;204
1658;596;202
1659;596;205
1660;596;205
1661;595;153
1662;591;158
1663;596;167
1664;597;175
1665;596;157
1666;602;167
1667;597;174
1668;598;163
1669;596;156
1670;595;165
1671;596;156
1672;596;170
1673;602;168
1674;602;169
1675;602;169
1676;595;159
1677;596;169
1678;595;157
1679;597;173
1680;595;154
1681;596;154
1682;597;174
1683;594;165
1684;602;168
1685;595;154
1686;596;168
1687;602;168
1688;597;175
1689;595;157
1690;596;166
1691;595;157
1692;596;175
1693;602;168
1694;594;163
1695;595;154
1696;597;175
1697;596;157
1698;596;171
1699;602;167
1700;597;175
1701;594;166
1702;596;154
1703;591;165
1704;611;164
1705;607;157
1706;607;158
1707;609;164
1708;610;164
1709;610;157
1710;607;157
1711;610;164
1712;611;163
1713;607;157
1714;612;157
1715;608;157
1716;611;163
1717;613;158
1718;612;157
1719;611;156
1720;608;161
1721;609;163
1722;612;163
1723;612;163
1724;613;160
1725;610;165
1726;612;164
1727;609;167
1728;609;165
1729;609;163
1730;612;174
1731;616;175
1732;616;175
1733;615;175
1734;612;174
1735;599;174
1736;598;175
1737;602;175
1738;598;175
1739;676;108
1740;676;107
1741;677;118
1742;663;193
1743;586;161
1744;587;162
1745;588;165
1746;591;155
1747;587;154
1748;587;155
1749;592;153
1750;589;161
1751;592;153
1752;580;164
1753;579;164
1754;580;162
1755;569;168
1756;587;165
1757;568;169
1758;568;169
1759;569;168
1760;584;160
1761;583;144
1762;584;148
1763;583;144
1764;583;144
1765;583;144
1766;572;162
1767;562;158
1768;565;170
1769;566;170
1770;566;170
1771;564;170
1772;564;169
1773;553;167
1774;553;167
1775;554;167
1776;556;171
1777;543;156
1778;541;159
1779;542;156
1780;541;157
1781;541;160
1782;557;163
1783;543;156
1784;548;156
1785;545;155
1786;547;155
1787;548;156
1788;546;155
1789;541;160
1790;541;158
1791;676;114
1792;675;136
1793;648;228
1794;648;230
1795;662;223
1796;660;224
1797;659;223
1798;660;223
1799;659;219
1800;660;222
1801;660;223
1802;659;222
1803;659;219
1804;660;218
1805;659;222
1806;660;222
1807;659;222
1808;667;221
1809;659;217
1810;673;235
1811;673;239
1812;674;225
1813;674;225
1814;673;225
1815;679;227
1816;680;226
1817;674;225
1818;680;227
1819;679;226
1820;687;223
1821;673;234
1822;673;234
1823;710;231
1824;694;230
1825;708;232
1826;696;231
1827;711;231
1828;712;231
1829;694;229
1830;700;232
1831;698;231
1832;688;226
1833;703;232
1834;706;232
1835;651;239
1836;664;225
1837;607;233
1838;693;167
1839;610;250
1840;608;250
1841;577;242
1842;584;245
1843;584;246
1844;583;244
1845;594;251
1846;584;245
1847;586;243
1848;583;245
1849;577;243
1850;583;243
1851;600;252
1852;586;246
1853;585;246
1854;586;245
1855;585;246
1856;600;252
1857;586;246
1858;600;253
1859;583;245
1860;578;241
1861;585;243
1862;578;241
1863;583;245
1864;583;244
1865;585;244
1866;583;244
1867;585;246
1868;587;245
1869;586;245
1870;583;245
1871;577;242
1872;577;242
1873;600;253
1874;585;247
1875;577;241
1876;600;253
1877;600;252
1878;585;246
1879;590;247
1880;586;244
1881;563;233
1882;576;241
1883;576;240
1884;563;234
1885;563;234
1886;574;242
1887;574;242
1888;572;241
1889;572;240
1890;563;233
1891;563;234
1892;572;240
1893;576;241
1894;575;242
1895;566;230
1896;572;240
1897;568;237
1898;573;239
1899;575;242
1900;563;234
1901;576;240
1902;572;240
1903;563;233
1904;574;239
1905;563;234
1906;563;234
1907;563;233
1908;573;239
1909;573;239
1910;579;195
1911;579;195
1912;578;195
1913;580;195
1914;560;210
1915;579;206
1916;563;174
1917;564;173
1918;564;173
1919;590;186
1920;537;188
1921;542;188
1922;538;189
1923;544;189
1924;538;189
1925;538;189
1926;549;184
1927;546;187
1928;550;184
1929;547;189
1930;538;187
1931;546;187
1932;546;187
1933;538;189
1934;546;187
1935;548;185
1936;542;188
1937;541;187
1938;546;187
1939;549;184
1940;549;183
1941;541;187
1942;548;185
1943;549;183
1944;546;187
1945;537;189
1946;543;187
1947;538;188
1948;538;188
1949;538;188
1950;548;184
1951;540;185
1952;543;188
1953;542;187
1954;540;185
1955;539;188
1956;541;185
1957;545;187
1958;542;185
1959;542;185
1960;538;188
1961;538;188
1962;540;187
1963;545;187
1964;541;185
1965;542;185
1966;542;185
1967;540;186
1968;539;187
1969;546;171
1970;546;172
1971;541;179
1972;542;179
1973;542;180
1974;545;173
1975;541;180
1976;541;180
1977;541;180
1978;521;181
1979;537;182
1980;535;186
1981;534;186
1982;534;181
1983;537;182
1984;535;181
1985;534;181
1986;533;185
1987;531;185
1988;532;185
1989;534;181
1990;536;182
1991;535;186
1992;521;181
1993;520;181
1994;537;182
1995;535;186
1996;537;192
1997;536;188
1998;536;188
1999;537;192
2000;539;183
2001;536;187
2002;537;193
2003;538;186
2004;530;203
2005;529;204
2006;532;204
2007;529;204
2008;530;203
2009;532;204
2010;525;207
2011;525;196
2012;546;192
2013;523;164
2014;514;171
2015;525;165
2016;523;164
2017;521;169
2018;522;168
2019;524;165
2020;524;165
2021;524;165
2022;504;168
2023;502;167
2024;503;168
2025;507;169
2026;504;161
2027;505;160
2028;505;160
2029;504;160
2030;505;160
2031;513;187
2032;512;189
2033;514;186
2034;518;184
2035;515;186
2036;519;178
2037;519;182
2038;519;182
2039;496;193
2040;517;177
2041;518;176
2042;516;178
2043;505;192
2044;517;176
2045;501;192
2046;495;190
2047;519;183
2048;511;186
2049;517;177
2050;502;190
2051;507;191
2052;519;176
2053;507;189
2054;519;176
2055;498;191
2056;515;176
2057;518;176
2058;518;176
2059;496;190
2060;517;177
2061;512;185
2062;500;191
2063;516;177
2064;515;177
2065;512;189
2066;513;188
2067;513;184
2068;515;176
2069;497;193
2070;494;193
2071;493;193
2072;493;193
2073;492;191
2074;495;189
2075;502;192
2076;493;190
2077;492;192
2078;493;189
2079;492;190
2080;494;189
2081;495;193
2082;494;189
2083;513;184
2084;512;193
2085;510;191
2086;512;190
2087;512;190
2088;511;190
2089;510;193
2090;513;193
2091;512;193
2092;510;192
2093;510;192
2094;510;191
2095;510;191
2096;510;191
2097;512;190
2098;511;193
2099;511;193
2100;512;190
2101;515;193
2102;522;193
2103;518;193
2104;506;189
2105;505;189
2106;509;190
2107;519;176
2108;514;186
2109;516;185
2110;524;194
2111;470;184
2112;471;185
2113;470;184
2114;463;185
2115;477;191
2116;453;185
2117;471;184
2118;481;194
2119;460;185
2120;479;192
2121;523;193
2122;528;193
2123;523;193
2124;523;192
2125;457;185
2126;567;187
2127;564;176
2128;565;179
2129;568;188
2130;566;186
2131;570;188
2132;569;188
2133;569;188
2134;568;187
2135;455;185
2136;647;190
2137;634;191
2138;695;210
2139;616;194
2140;614;194
2141;624;168
2142;646;165
2143;520;176
2144;520;179
2145;521;174
2146;516;158
2147;522;150
2148;516;159
2149;516;158
2150;516;159
2151;534;141
2152;516;159
2153;612;112
2154;665;198
2155;671;191
2156;669;199
2157;674;200
2158;619;128
2159;619;128
2160;621;128
2161;621;129
2162;619;129
2163;619;128
2164;616;127
2165;618;164
2166;618;163
2167;687;164
2168;730;121
2169;736;121
2170;717;147
2171;720;138
2172;723;132
2173;715;137
2174;581;138
2175;581;140
2176;581;142
2177;586;135
2178;583;128
2179;585;132
2180;583;129
2181;619;138
2182;616;139
2183;620;127
2184;620;130
2185;621;128
2186;621;130
2187;617;128
2188;617;128
2189;617;128
2190;618;129
2191;618;128
2192;621;127
2193;619;129
2194;618;128
2195;617;128
2196;622;133
2197;622;126
2198;616;130
2199;622;126
2200;622;131
2201;623;126
2202;623;127
2203;621;132
2204;615;128
2205;623;125
2206;621;126
2207;622;126
2208;623;126
2209;621;132
2210;622;132
2211;622;132
2212;616;129
2213;617;127
2214;616;130
2215;623;126
2216;622;131
2217;622;126
2218;623;125
2219;616;129
2220;639;140
2221;640;140
2222;639;143
2223;640;142
2224;616;126
2225;613;125
2226;607;125
2227;612;125
2228;612;127
2229;613;127
2230;613;127
2231;607;124
2232;607;125
2233;612;127
2234;613;125
2235;616;127
2236;613;124
2237;613;124
2238;614;127
2239;607;125
2240;612;126
2241;612;127
2242;613;124
2243;613;125
2244;612;117
2245;613;117
2246;615;123
2247;612;117
2248;615;125
2249;615;125
2250;615;123
2251;615;123
2252;615;123
2253;615;123
2254;615;123
2255;612;112
2256;613;115
2257;606;115
2258;611;113
2259;600;114
2260;617;155
2261;615;153
2262;617;155
2263;661;136
2264;660;137
2265;661;137
2266;660;137
2267;661;137
2268;649;145
2269;661;135
2270;659;135
2271;663;130
2272;662;130
2273;666;139
2274;661;139
2275;662;139
2276;665;140
2277;665;140
2278;666;139
2279;663;140
2280;669;121
2281;673;132
2282;673;132
2283;675;130
2284;675;130
2285;673;132
2286;673;132
2287;673;132
2288;676;130
2289;675;135
2290;675;130
2291;674;135
2292;674;130
2293;673;132
2294;675;130
2295;673;132
2296;673;132
2297;675;127
2298;676;129
2299;672;123
2300;670;123
2301;670;122
2302;672;135
2303;667;137
2304;661;133
2305;674;127
2306;674;127
2307;674;127
2308;672;125
2309;665;128
2310;674;126
2311;665;127
2312;675;111
2313;678;120
2314;677;110
2315;669;120
2316;671;121
2317;670;119
2318;689;113
2319;689;114
2320;689;113
2321;690;113
2322;689;114
2323;662;116
2324;661;117
2325;661;117
2326;661;117
2327;558;143
2328;556;143
2329;551;144
2330;556;144
2331;559;143
2332;570;221
2333;571;226
2334;582;237
2335;552;216
2336;571;213
2337;571;213
2338;598;244
2339;571;214
2340;571;213
2341;599;242
2342;571;213
2343;571;214
2344;585;229
2345;571;213
2346;691;127
2347;691;127
2348;691;126
2349;691;125
2350;691;126
2351;692;127
2352;691;126
2353;691;126
2354;719;192
2355;707;201
2356;717;194
2357;713;197
2358;690;175
2359;725;149
2360;725;149
2361;682;207
2362;683;207
2363;691;210
2364;685;217
2365;675;207
2366;675;202
2367;675;203
2368;675;202
2369;675;207
2370;668;214
2371;667;216
2372;669;214
2373;675;202
2374;670;191
2375;690;193
2376;674;190
2377;676;189
2378;670;191
2379;678;189
2380;686;191
2381;684;191
2382;672;228
2383;684;239
2384;688;238
2385;706;222
2386;708;222
2387;696;231
2388;706;212
2389;706;216
2390;704;216
2391;740;188
2392;676;171
2393;705;132
2394;704;132
2395;704;132
2396;704;132
2397;685;131
2398;688;118
2399;702;126
2400;699;125
2401;701;126
2402;675;154
2403;707;108
2404;704;105
2405;707;108
2406;707;108
2407;707;107
2408;707;106
2409;706;106
2410;703;104
2411;707;107
2412;706;106
2413;705;105
2414;703;104
2415;701;117
2416;702;115
2417;702;116
2418;706;115
2419;702;115
2420;702;114
2421;704;115
2422;703;115
2423;702;115
2424;705;115
2425;702;115
2426;702;115
2427;704;115
2428;702;115
2429;702;114
2430;702;117
2431;703;116
2432;717;106
2433;709;108
2434;706;104
2435;520;180
2436;570;238
2437;699;131
2438;720;139
2439;724;148
2440;724;149
2441;724;148
2442;724;148
2443;661;200
2444;662;192
2445;660;200
2446;683;174
2447;683;173
2448;615;128
2449;531;165
2450;540;168
2451;591;176
2452;527;164
2453;591;185
2454;590;177
2455;592;183
2456;566;186
2457;565;179
2458;661;197
2459;618;193
2460;614;193
2461;657;166
2462;658;143
2463;669;134
2464;661;138
2465;669;122
2466;660;169
2467;664;152
2468;656;151
2469;652;189
2470;660;152
2471;612;196
2472;667;153
2473;658;180
2474;668;144
2475;667;121
2476;655;179
2477;635;191
2478;669;153
2479;647;190
2480;662;191
2481;559;278
2482;785;157
2483;707;143
2484;777;150
2485;755;155
2486;767;151
2487;782;153
2488;714;145
2489;682;131
2490;704;143
2491;680;126
2492;686;136
2493;690;138
2494;788;243
2495;782;240
2496;779;238
2497;638;248
2498;632;227
2499;628;227
2500;709;223
2501;632;223
2502;685;221
2503;684;220
2504;684;220
2505;683;219
2506;650;219
2507;638;218
2508;689;216
2509;690;215
2510;691;214
2511;671;212
2512;634;212
2513;695;210
2514;649;209
2515;563;209
2516;562;209
2517;675;208
2518;660;201
2519;507;197
2520;740;195
2521;614;194
2522;537;193
2523;634;191
2524;633;190
2525;634;189
2526;565;178
2527;566;178
2528;565;176
2529;575;167
2530;647;165
2531;725;151
2532;662;139
2533;648;189
2534;648;188
2535;668;180
2536;575;234
2537;571;232
2538;566;230
2539;567;228
2540;574;227
2541;573;227
2542;570;220
2543;555;219
2544;551;216
2545;543;213
2546;533;209
2547;533;208
2548;555;208
2549;501;204
2550;530;200
2551;506;197
2552;530;194
2553;529;193
2554;537;193
2555;567;190
2556;522;190
2557;569;189
2558;565;189
2559;569;188
2560;569;188
2561;572;188
2562;573;188
2563;572;187
2564;573;187
2565;567;186
2566;570;183
2567;521;181
2568;566;179
2569;516;177
2570;517;172
2571;518;172
2572;546;171
2573;512;170
2574;511;170
2575;569;169
2576;553;167
2577;526;165
2578;525;165
2579;514;159
2580;516;158
2581;575;158
2582;559;143
2583;508;116
2584;522;111
2585;611;251
2586;611;251
2587;604;249
2588;616;246
2589;615;246
2590;586;244
2591;598;244
2592;598;244
2593;585;243
2594;624;242
2595;639;240
2596;606;240
2597;603;240
2598;620;239
2599;620;239
2600;609;239
2601;620;239
2602;606;239
2603;579;237
2604;599;235
2605;623;226
2606;660;223
2607;654;220
2608;659;217
2609;627;207
2610;624;190
2611;623;189
2612;623;189
2613;628;187
2614;622;182
2615;595;176
2616;595;176
2617;616;174
2618;617;171
2619;586;166
2620;620;160
2621;620;160
2622;576;159
2623;591;158
2624;590;158
2625;583;146
2626;583;144
2627;660;135
2628;662;130
2629;616;128
2630;616;128
2631;614;127
2632;616;126
2633;612;117
2634;661;117
2635;600;115
2636;606;114
2637;683;239
2638;673;226
2639;666;219
2640;697;193
2641;690;175
2642;690;175
2643;681;173
2644;724;168
2645;721;167
2646;688;164
2647;676;164
2648;676;164
2649;690;160
2650;690;160
2651;688;157
2652;688;156
2653;686;156
2654;675;153
2655;675;153
2656;675;152
2657;725;149
2658;725;149
2659;724;148
2660;724;148
2661;717;146
2662;717;146
2663;676;142
2664;675;142
2665;676;141
2666;675;140
2667;669;137
2668;668;136
2669;674;136
2670;675;135
2671;674;135
2672;675;135
2673;674;135
2674;685;131
2675;675;128
2676;665;128
2677;675;128
2678;674;127
2679;702;116
2680;678;117
2681;665;216
2682;679;120
2683;677;110
2684;677;109
2685;677;108
2686;676;106
2687;675;106
2688;673;104
2689;669;236
2690;669;236
2691;579;195
2692;579;195
2693;657;187
2694;647;167
2695;638;166
2696;586;108
2697;587;108
2698;586;109
2699;595;106
2700;595;108
2701;593;107
2702;593;109
2703;622;223
2704;622;226
2705;649;196
2706;646;189
2707;655;204
2708;663;198
2709;663;197
2710;663;196
2711;663;193
2712;663;192
2713;653;189
2714;657;189
2715;658;184
2716;673;182
2717;658;180
2718;668;170
2719;668;169
2720;666;169
2721;668;169
2722;666;169
2723;666;169
2724;660;159
2725;663;203
2726;675;117
2727;666;221
2728;664;211
2729;659;193
2730;656;184
2731;661;155
2732;670;131
2733;674;123
2734;676;114
2735;677;105
2736;677;117
2737;728;141
2738;739;149
2739;736;144
2740;736;144
2741;737;144
2742;737;143
2743;739;149
2744;738;149
2745;738;149
2746;737;144
2747;737;144
2748;737;144
2749;737;144
2750;729;150
2751;731;150
2752;648;209
2753;648;209
2754;729;141
2755;711;129
2756;711;126
2757;713;127
2758;713;129
2759;710;128
2760;712;127
2761;712;126
2762;712;129
2763;713;129
2764;713;130
2765;713;131
2766;713;130
2767;713;127
2768;713;126
2769;713;127
2770;713;128
2771;711;129
2772;710;127
2773;713;128
2774;710;128
2775;710;127
2776;711;126
2777;713;132
2778;713;129
2779;710;122
2780;709;122
2781;682;136
2782;695;172
2783;691;171
2784;695;173
2785;692;172
2786;693;167
2787;695;165
2788;695;164
2789;688;158
2790;676;142
2791;676;142
2792;701;120
2793;700;120
2794;716;121
2795;716;120
2796;723;114
2797;708;132
2798;708;134
2799;708;133
2800;703;121
2801;707;136
2802;704;123
2803;703;123
2804;704;124
2805;709;145
2806;706;137
2807;706;137
2808;702;135
2809;703;136
2810;725;156
2811;720;155
2812;725;154
2813;725;155
2814;724;155
2815;721;156
2816;725;153
2817;725;154
2818;725;155
2819;720;155
2820;720;156
2821;725;154
2822;730;151
2823;740;165
2824;742;165
2825;739;166
2826;742;165
2827;731;163
2828;733;162
2829;732;162
2830;740;156
2831;737;157
2832;738;157
2833;740;156
2834;733;157
2835;730;157
2836;731;157
2837;733;157
2838;745;174
2839;740;154
2840;651;199
2841;651;199
2842;663;196
2843;704;178
2844;689;174
2845;690;174
2846;706;165
2847;695;164
2848;708;163
2849;707;162
2850;639;141
2851;639;140
2852;626;135
2853;671;181
2854;677;181
2855;677;182
2856;667;188
2857;666;187
2858;667;188
2859;687;183
2860;687;180
2861;673;181
2862;673;182
2863;673;181
2864;676;171
2865;691;175
2866;683;174
2867;662;200
2868;662;200
2869;713;145
2870;714;146
2871;705;143
2872;713;146
2873;671;190
2874;663;189
2875;662;190
2876;664;190
2877;663;189
2878;663;189
2879;692;203
2880;694;204
2881;695;196
2882;661;189
2883;524;244
2884;523;243
2885;522;243
2886;521;242
2887;520;241
2888;519;240
2889;518;240
2890;518;240
2891;517;239
2892;516;239
2893;515;239
2894;514;239
2895;514;239
2896;513;239
2897;512;238
2898;511;238
2899;510;237
2900;509;237
2901;509;236
2902;509;234
2903;508;233
2904;507;232
2905;506;232
2906;506;231
2907;567;286
2908;561;280
2909;561;280
2910;560;279
2911;557;272
2912;558;273
2913;558;273
2914;554;267
2915;554;266
2916;551;264
2917;546;260
2918;545;259
2919;545;258
2920;530;241
2921;526;239
2922;527;239
2923;521;238
2924;510;233
2925;511;234
2926;513;234
2927;507;232
2928;521;238
2929;520;195
2930;454;185
2931;670;203
2932;670;203
2933;670;203
2934;670;203
2935;670;203
2936;671;203
2937;669;190
2938;672;182
2939;672;182
2940;673;182
2941;686;180
2942;687;180
2943;676;172
2944;676;173
2945;676;171
2946;677;166
2947;625;246
2948;624;245
2949;616;184
2950;734;133
2951;729;132
2952;714;146
2953;740;153
2954;728;132
2955;694;141
2956;697;142
2957;733;132
2958;698;143
2959;700;159
2960;739;152
2961;747;132
2962;710;120
2963;700;142
2964;709;119
2965;701;117
2966;711;119
2967;711;118
2968;762;158
2969;728;128
2970;685;168
2971;699;187
2972;759;182
2973;772;175
2974;738;229
2975;740;228
2976;713;228
2977;708;231
2978;699;231
2979;696;229
2980;488;198
2981;486;198
2982;657;180
2983;657;179
2984;659;168
2985;684;172
2986;638;163
2987;640;162
2988;624;169
2989;620;174
2990;610;174
2991;610;174
2992;624;244
2993;636;242
2994;628;229
2995;628;228
2996;616;227
2997;626;233
2998;624;239
2999;623;239
3000;615;239
3001;616;239
3002;616;240
3003;617;239
3004;623;246
3005;616;248
3006;602;239
3007;693;139
3008;699;141
3009;706;145
3010;712;145
3011;693;158
3012;690;157
3013;691;158
3014;698;160
3015;731;169
3016;731;170
3017;732;171
3018;744;174
3019;750;185
3020;753;184
3021;727;188
3022;727;184
3023;733;182
3024;734;183
3025;714;180
3026;701;177
3027;703;178
3028;668;188
3029;662;189
3030;630;189
3031;628;188
3032;586;203
3033;587;204
3034;594;207
3035;661;217
3036;622;225
3037;638;247
3038;705;232
3039;682;246
3040;696;243
3041;684;245
3042;692;243
3043;682;246
3044;694;229
3045;695;229
3046;695;230
3047;696;230
3048;687;227
3049;696;234
3050;687;231
3051;685;235
3052;695;222
3053;705;227
3054;684;222
3055;713;232
3056;714;232
3057;718;225
3058;720;226
3059;716;224
3060;710;235
3061;712;235
3062;710;235
3063;710;235
3064;712;234
3065;712;234
3066;720;231
3067;720;231
3068;724;229
3069;724;230
3070;709;234
3071;729;228
3072;731;227
3073;729;230
3074;733;227
3075;730;228
3076;733;229
3077;730;229
3078;730;229
3079;732;228
3080;729;228
3081;733;228
3082;725;233
3083;732;232
3084;730;230
3085;732;232
3086;732;232
3087;733;231
3088;735;231
3089;734;229
3090;726;238
3091;717;238
3092;739;229
3093;740;230
3094;739;230
3095;740;230
3096;740;230
3097;739;229
3098;740;233
3099;732;229
3100;740;228
3101;741;228
3102;742;228
3103;585;218
3104;586;212
3105;586;209
3106;586;207
3107;740;196
3108;739;196
3109;537;105
3110;559;88
3111;558;104
3112;558;105
3113;731;224
3114;736;217
3115;732;224
3116;720;224
3117;721;222
3118;716;224
3119;717;224
3120;721;224
3121;725;202
3122;726;203
3123;727;203
3124;726;202
3125;725;202
3126;730;198
3127;730;197
3128;701;213
3129;696;211
3130;700;213
3131;717;219
3132;713;217
3133;713;215
3134;718;219
3135;719;216
3136;708;209
3137;708;208
3138;708;212
3139;706;212
3140;709;207
3141;712;214
3142;708;209
3143;707;213
3144;707;211
3145;708;209
3146;694;214
3147;695;212
3148;695;213
3149;696;211
3150;694;214
3151;695;213
3152;696;211
3153;708;207
3154;708;208
3155;665;221
3156;618;226
3157;615;226
3158;622;225
3159;616;230
3160;704;104
3161;703;104
3162;705;104
3163;706;105
3164;702;103
3165;626;125
3166;754;156
3167;780;168
3168;531;142
3169;530;142
3170;529;142
3171;530;142
3172;696;209
3173;738;195
3174;701;204
3175;701;204
3176;700;204
3177;811;255
3178;675;191
3179;665;198
3180;696;196
3181;672;205
3182;672;205
3183;672;203
3184;672;203
3185;672;204
3186;671;203
3187;672;203
3188;670;203
3189;670;203
3190;670;203
3191;669;204
3192;670;203
3193;672;206
3194;671;203
3195;672;206
3196;671;205
3197;671;207
3198;672;207
3199;671;207
3200;671;203
3201;670;204
3202;671;207
3203;669;204
3204;670;205
3205;671;205
3206;659;223
3207;659;222
3208;660;211
3209;661;216
3210;661;214
3211;664;210
3212;750;227
3213;623;238
3214;622;233
3215;622;235
3216;618;238
3217;618;233
3218;618;236
3219;620;238
3220;623;239
3221;660;177
3222;660;178
3223;544;257
3224;623;238
3225;667;220
3226;636;101
3227;726;238
3228;501;192
3229;659;189
3230;662;189
3231;663;194
3232;666;190
3233;688;226
3234;687;225
3235;690;225
3236;689;225
3237;690;222
3238;689;222
3239;686;223
3240;686;222
3241;690;225
3242;687;226
3243;686;223
3244;689;222
3245;737;103
3246;728;128
3247;782;166
3248;703;104
3249;704;104
3250;705;104
3251;532;92
3252;532;92
3253;533;93
3254;532;93
3255;531;92
3256;530;88
3257;532;93
3258;532;92
3259;561;114
3260;561;114
3261;559;113
3262;559;93
3263;559;81
3264;579;86
3265;580;89
3266;592;124
3267;576;115
3268;576;113
3269;576;113
3270;576;113
3271;576;112
3272;575;111
3273;631;123
3274;616;127
3275;616;127
3276;524;131
3277;520;123
3278;520;123
3279;520;123
3280;520;123
3281;520;122
3282;518;123
3283;518;123
3284;518;123
3285;518;123
3286;518;124
3287;519;122
3288;519;122
3289;519;122
3290;518;122
3291;518;123
3292;519;124
3293;519;124
3294;519;124
3295;520;123
3296;523;130
3297;528;144
3298;487;198
3299;703;177
3300;660;202
3301;713;145
3302;713;146
3303;697;233
3304;679;248
3305;673;181
3306;674;179
3307;702;178
3308;694;195
3309;695;196
3310;694;195
3311;676;172
3312;676;164
3313;676;171
3314;676;172
3315;676;171
3316;676;165
3317;676;142
3318;662;180
