4306658;26122781;3713963961;
4306658;3713963961;3713963958;
4306658;3713963958;3713963955;
4306658;3713963955;3713963954;
4306658;3713963954;26057801;
4306660;26122784;3713963423;
4306660;3713963423;112652825;
4306660;112652825;3713963419;
4306660;3713963419;3713963417;
4306660;3713963417;3713963414;
4306660;3713963414;26057776;
4306660;26057776;3713963410;
4306660;3713963410;112652828;
4306660;112652828;3713963406;
4306660;3713963406;26057774;
4306660;26057774;3713963404;
4306660;3713963404;112652829;
4306660;112652829;3713963407;
4306660;3713963407;26057772;
4306660;26057772;3713963411;
4306660;3713963411;3713963412;
4306660;3713963412;112652830;
4306660;112652830;3713963418;
4306660;3713963418;3713963420;
4306660;3713963420;26057769;
4306660;26057769;3713963421;
4306660;3713963421;3713963422;
4306660;3713963422;112652831;
4306660;112652831;3713963424;
4306660;3713963424;26057767;
4306660;26057767;112652832;
4306660;112652832;3713963928;
4306660;3713963928;3713963929;
4306660;3713963929;3713963930;
4306660;3713963930;26057764;
4306660;26057764;112652833;
4306660;112652833;26057762;
4306660;26057762;3713963934;
4306660;3713963934;3713963933;
4306660;3713963933;3713963932;
4306660;3713963932;112652932;
26248559;287458431;4378186376;
26248559;4378186376;4907385134;
26248559;4907385134;4378186209;
26248559;4378186209;4378186138;
26248559;4378186138;2156104173;
26248559;2156104173;4378185977;
26248559;4378185977;4378185958;
26248559;4378185958;287458429;
26248559;287458429;2156098702;
26248559;2156098702;4378185663;
26248559;4378185663;2156104175;
26248559;2156104175;4378185615;
26248559;4378185615;430006697;
26248559;430006697;287458442;
26248559;287458442;287458440;
26248559;287458440;3554953684;
26248559;3554953684;4210849144;
26248559;4210849144;4210849143;
26248559;4210849143;4202779474;
26248559;4202779474;5454496154;
26248559;5454496154;412246600;
29035149;112651991;112651992;
29035151;112652932;112613608;
35145153;5198412994;4381093243;
35145153;4381093243;2617650079;
35145153;2617650079;1548554613;
35145153;1548554613;412246608;
35145521;411504977;412249448;
35145521;412249448;4566797421;
35145521;4566797421;4718388481;
35145521;4718388481;412249449;
35145521;412249449;412249450;
35145521;412249450;412248019;
35145521;412248019;412249451;
35145521;412249451;420776939;
35145521;420776939;432578781;
35145521;432578781;4523960189;
35145521;4523960189;420776943;
35145522;412246600;2617650078;
35145522;2617650078;1548554615;
35145522;1548554615;412246608;
35997762;420776909;420776894;
35997763;112613604;2846609715;
35997763;2846609715;2846609714;
35997763;2846609714;2846609713;
35997763;2846609713;444026528;
35997763;444026528;444026527;
35997763;444026527;420776961;
36001071;287458431;420807841;
36905352;420776894;2846609716;
36905352;2846609716;5310413732;
36905352;5310413732;429205569;
36905352;429205569;4494941281;
36965446;420776894;429833940;
36965446;429833940;429833942;
36965446;429833942;788826675;
36965446;788826675;5310413731;
36965446;5310413731;429833945;
36965446;429833945;5310413730;
36965446;5310413730;429833953;
36965446;429833953;1221776530;
36979228;3554953679;2156098729;
36979228;2156098729;2156098719;
36979228;2156098719;2156098755;
36979228;2156098755;2617650080;
36979228;2617650080;2156098708;
36979228;2156098708;2156098689;
36979228;2156098689;4381097464;
36979228;4381097464;2156104170;
36979228;2156104170;3554953687;
36979228;3554953687;3554953688;
36979228;3554953688;430006697;
36996353;3554953706;431615494;
36996353;431615494;430267080;
36996353;430267080;3554953708;
36996353;3554953708;430267082;
36996353;430267082;430267081;
36996745;4494941281;430273244;
36996745;430273244;1221776530;
36996746;4419264595;4494941282;
36996746;4494941282;4494941281;
36996747;4494941277;432862420;
36996747;432862420;430273258;
36996747;430273258;1221776584;
36996747;1221776584;1221776620;
36996747;1221776620;430273261;
36996747;430273261;1221776530;
37120131;1221776530;738940473;
37120131;738940473;5310413729;
37120131;5310413729;738940435;
37120131;738940435;429833958;
37120131;429833958;430267081;
37120131;430267081;431615495;
37120131;431615495;429833960;
37120135;431925048;1221776530;
37141967;420776943;435240914;
37141967;435240914;4523960191;
37141967;4523960191;5284172068;
37141967;5284172068;2185792256;
37141967;2185792256;5284172069;
37141967;5284172069;432578826;
37141967;432578826;432578827;
37141967;432578827;1223751630;
37141967;1223751630;432578828;
37141967;432578828;5284172070;
37141967;5284172070;435240917;
37141967;435240917;784475024;
37141968;432578781;4517268078;
37141968;4517268078;1223751641;
37141968;1223751641;1223751723;
37141968;1223751723;430012030;
37141968;430012030;4517268312;
37141968;4517268312;5310412104;
37141968;5310412104;5310412106;
37141968;5310412106;430012028;
37141968;430012028;2185848579;
37194468;430273261;4494941279;
37194468;4494941279;4494941280;
37194468;4494941280;432862422;
37194468;432862422;432862423;
37194468;432862423;4494941278;
37194468;4494941278;1221776605;
37194468;1221776605;432862420;
37338732;435240914;435240906;
37338733;435240917;435240959;
37352974;435759029;435759031;
37855519;112613596;444004614;
37855519;444004614;444004615;
37855519;444004615;2489687347;
37855519;2489687347;444004616;
37855519;444004616;2489687348;
37855519;2489687348;444004617;
37855519;444004617;2489687349;
37855519;2489687349;444004618;
37855519;444004618;2489687350;
37855519;2489687350;444004619;
37855519;444004619;444004620;
37856823;444026518;444026520;
37856823;444026520;444026522;
37856823;444026522;444026524;
37856824;444026522;444026527;
37856825;444026520;444026528;
38001349;446308238;446308240;
38001349;446308240;287458431;
41380172;435240906;3573222096;
41380172;3573222096;506111738;
41380172;506111738;3573222097;
41380172;3573222097;2185756687;
41380173;435240959;506111741;
41380173;506111741;4282469053;
41380173;4282469053;506111742;
51228960;444004676;4452248001;
51228960;4452248001;444004677;
51228960;444004677;4526607816;
51228960;4526607816;444004678;
51228960;444004678;4573598276;
51228960;4573598276;4573598285;
51228960;4573598285;444004679;
51228960;444004679;4573598286;
51228960;4573598286;444004680;
51228960;444004680;444004681;
51228960;444004681;4378171712;
51228960;4378171712;444004682;
51228960;444004682;444004683;
63848181;788826710;788826684;
63848181;788826684;788826695;
63848181;788826695;788826712;
63848181;788826712;788826699;
63848181;788826699;788826688;
63848181;788826688;788826707;
106115722;788826675;1221804092;
106115722;1221804092;1221804117;
106115722;1221804117;4675765443;
106115722;4675765443;1221804110;
106115722;1221804110;1221804112;
106115722;1221804112;1221804105;
106115722;1221804105;1221804107;
106115722;1221804107;788826712;
108480588;4494941281;433073103;
108480588;433073103;4494941277;
160379534;1724272859;1724272847;
160379534;1724272847;1724272905;
160379534;1724272905;1724272919;
160379534;1724272919;1724272861;
160379534;1724272861;1724272893;
160379534;1724272893;1724272850;
160379534;1724272850;1724272859;
160379536;1724272859;1724272889;
160379536;1724272889;1724272913;
160379536;1724272913;1724272852;
160379536;1724272852;3573222220;
160379536;3573222220;3573222223;
160379537;1724272845;1724272916;
160379537;1724272916;3573222224;
160379537;3573222224;1724272903;
160379537;1724272903;1724272856;
160379537;1724272856;1724272908;
160379543;1724272886;3573222247;
160379543;3573222247;3573222240;
160379543;3573222240;3573222232;
160379545;3573222221;3573222215;
160379545;3573222215;1724272896;
160379545;1724272896;1724272884;
160379547;1724272884;1724272867;
160379547;1724272867;1724272870;
160379547;1724272870;1724272863;
160379547;1724272863;1724272910;
160379547;1724272910;1724272901;
160379547;1724272901;1724272873;
160379547;1724272873;1724272854;
160379547;1724272854;1724272884;
205638142;2156098713;2156098707;
205638142;2156098707;2156098749;
205638142;2156098749;2156098752;
205638142;2156098752;2156098711;
205638142;2156098711;2156098756;
205638142;2156098756;2156098746;
205638142;2156098746;2156098750;
205638142;2156098750;3573222099;
205638142;3573222099;2156098719;
205638144;2156098755;2156098710;
205638144;2156098710;2156098725;
205638144;2156098725;2156098713;
205638144;2156098713;5454496159;
205638144;5454496159;2156098709;
205638144;2156098709;3573222118;
205638144;3573222118;2156098708;
205638145;2156098702;2156098697;
205638145;2156098697;2156098716;
205638146;4384591143;2156098688;
205638146;2156098688;2156098712;
205638146;2156098712;2156098698;
205638146;2156098698;4378185445;
205638146;4378185445;2156098689;
205638147;2156098695;3573222098;
205638147;3573222098;2156098729;
205638878;2156104174;3554953689;
205638878;3554953689;3554953690;
205638878;3554953690;2156104173;
205638880;2156104174;2156104172;
205638880;2156104172;5476717000;
205638880;5476717000;2156104176;
205638880;2156104176;2156104171;
205638880;2156104171;5476717001;
205638880;5476717001;2156104169;
205638880;2156104169;2156104174;
208262837;2185756687;2185762067;
208262837;2185762067;2185762064;
208262837;2185762064;2185762047;
208262837;2185762047;2185762049;
208262837;2185762049;506111741;
208262837;506111741;2185762050;
208262837;2185762050;2185756687;
208263088;2185762067;2185766308;
208263088;2185766308;2185766309;
208263088;2185766309;2185766307;
208263088;2185766307;2185766310;
208263088;2185766310;2185766306;
208263088;2185766306;2185765238;
208263088;2185765238;2185765236;
208263088;2185765236;2185765234;
208263088;2185765234;2185765237;
208263088;2185765237;2185765235;
208263088;2185765235;2185762064;
208265320;4282469045;4282469046;
208265320;4282469046;4282469047;
208265320;4282469047;2185792255;
208265320;2185792255;4517268326;
208265320;4517268326;2185792256;
208272059;4517268326;4282469049;
208272059;4282469049;4517268307;
208272059;4517268307;4517268293;
209633322;2198252493;3573222212;
209633322;3573222212;420807840;
209633323;287458431;112613601;
209633323;112613601;3573222266;
220234010;3573222266;112613602;
220234010;112613602;4907380636;
220234010;4907380636;2198252488;
220234010;2198252488;112613603;
220234010;112613603;420776909;
220234011;3713963962;26122725;
220234011;26122725;3713963965;
220234011;3713963965;3713963967;
220234011;3713963967;3713963968;
220234011;3713963968;3713963970;
220234011;3713963970;3713963972;
220234011;3713963972;3713963974;
220234011;3713963974;3713963976;
220234012;26122718;3713843052;
220234012;3713843052;26122719;
286085489;420807840;420776909;
286085490;420807841;3573222260;
286085490;3573222260;3554953698;
286085490;3554953698;1724272886;
308678923;3139458282;3139458277;
308678923;3139458277;3139458233;
308678923;3139458233;3573222268;
308678923;3573222268;287458435;
308678934;112613598;3139458294;
308678934;3139458294;3139458235;
308678934;3139458235;3139458285;
308678934;3139458285;3139458278;
308678936;3139458009;420776893;
316459169;420776943;3554953676;
316459169;3554953676;430006694;
316459169;430006694;3554953681;
316459169;3554953681;4149583051;
316459169;4149583051;3573222107;
316459169;3573222107;420776945;
316459169;420776945;420807840;
349643787;4327945216;3573222241;
349643787;3573222241;4907380634;
349643787;4907380634;3554953693;
349643787;3554953693;3573222239;
349643787;3573222239;2198252493;
349643887;3554953676;3554953677;
349643887;3554953677;3554953679;
349643889;3554953681;3554953680;
349643889;3554953680;3554953679;
349643891;3554953706;112651995;
349643894;430267079;3554953706;
351525659;3573222221;3573222218;
351525659;3573222218;3573222219;
351525659;3573222219;3573222223;
351525659;3573222223;3573222226;
351525659;3573222226;3573222230;
351525659;3573222230;3573222232;
351525659;3573222232;3573222233;
351525659;3573222233;3573222231;
351525659;3573222231;1724272845;
351525659;1724272845;3573222225;
351525659;3573222225;3573222221;
351525660;3573222230;3573222243;
351525660;3573222243;3573222251;
351525693;3573222212;3573222201;
351525693;3573222201;3573222198;
351525693;3573222198;3573222157;
351525693;3573222157;3573222138;
351525693;3573222138;3573222133;
351525693;3573222133;3573222132;
351525693;3573222132;3573222130;
351525693;3573222130;3573222128;
351525693;3573222128;3573222109;
351525693;3573222109;3573222108;
351525693;3573222108;3573222104;
351525701;3573222222;3573222216;
351525704;3573222205;3573222210;
351525712;3573222165;3573222159;
351525716;3573222157;3573222163;
351525718;3573222234;3573222239;
351525727;3573222156;3573222149;
351525727;3573222149;3573222140;
351525728;3573222253;3573222246;
351525728;3573222246;3573222241;
351525729;3573222108;3573222127;
351525729;3573222127;3573222128;
351525730;3573222217;3573222213;
351525730;3573222213;3573222209;
351525732;3573222260;3573222261;
351525732;3573222261;3573222256;
351525734;3573222207;3573222206;
351525734;3573222206;3573222198;
351525736;3573222145;3573222154;
351525736;3573222154;3573222168;
351525738;3573222201;3573222208;
351525738;3573222208;3573222207;
351525738;3573222207;3573222211;
351525741;3573222210;3573222211;
351525741;3573222211;3573222227;
351525741;3573222227;3573222234;
351525742;3573222205;3573222203;
351525742;3573222203;3573222197;
351525742;3573222197;3573222196;
351525744;3573222234;3573222229;
351525744;3573222229;3573222214;
351525744;3573222214;3573222210;
351525748;3573222197;3573222200;
351525748;3573222200;3573222217;
351525748;3573222217;3573222222;
351525748;3573222222;3573222237;
351525749;3573222195;3573222196;
351525749;3573222196;3573222202;
351525749;3573222202;3573222204;
351525749;3573222204;3573222205;
351525751;3573222153;3573222161;
351525751;3573222161;3573222178;
351525751;3573222178;3573222193;
351525751;3573222193;3573222195;
351525760;3573222195;3573222194;
351525760;3573222194;3573222179;
351525760;3573222179;3573222160;
351525760;3573222160;3573222152;
351525763;3573222240;3573222242;
351525763;3573222242;3573222244;
351525763;3573222244;3573222238;
351525763;3573222238;3573222228;
351525763;3573222228;3573222224;
351525764;3573222127;3573222134;
351525764;3573222134;3573222137;
351525764;3573222137;3573222145;
351525764;3573222145;3573222147;
351525764;3573222147;3573222130;
351525766;3573222163;3573222170;
351525766;3573222170;3573222182;
351525766;3573222182;3573222181;
351525766;3573222181;3573222175;
351525766;3573222175;3573222162;
351525766;3573222162;3573222163;
351525772;3573222138;3573222140;
351525772;3573222140;3573222141;
351525772;3573222141;3573222135;
351525772;3573222135;3573222136;
351525772;3573222136;3573222139;
351525773;3573222107;3573222110;
351525773;3573222110;3573222114;
351525773;3573222114;3573222116;
351525773;3573222116;3573222124;
351525773;3573222124;3573222125;
351525773;3573222125;3573222126;
351525780;3573222148;3573222151;
351525780;3573222151;3573222153;
351525780;3573222153;3573222152;
351525780;3573222152;3573222150;
351525780;3573222150;3573222146;
351525780;3573222146;3573222143;
351525780;3573222143;3573222144;
351525780;3573222144;3573222148;
351525782;3573222200;3573222185;
351525782;3573222185;3573222177;
351525782;3573222177;3573222171;
351525782;3573222171;3573222165;
351525782;3573222165;3573222164;
351525782;3573222164;3573222169;
351525782;3573222169;3573222174;
351525782;3573222174;3573222197;
367464148;3713843054;26122787;
367477465;26122787;3713843053;
367477465;3713843053;26122788;
367477466;3713963964;3713963963;
367477466;3713963963;26122781;
367477467;26122786;3713963391;
367477467;3713963391;3713843054;
367477470;26122719;3713963389;
367477470;3713963389;3713963390;
367477470;3713963390;26122720;
367477471;26122724;3713963956;
367477471;3713963956;3713963959;
367477471;3713963959;3713963962;
367477473;26122781;3713963960;
367477473;3713963960;3713963957;
367477473;3713963957;26122782;
367477474;26122782;3713963953;
367477474;3713963953;26122783;
367477474;26122783;3713963952;
367477474;3713963952;3713963948;
367477474;3713963948;3713963943;
367477474;3713963943;3713963940;
367477477;26057801;3139458275;
367477477;3139458275;3713963951;
367477477;3713963951;3713963950;
367477477;3713963950;26057803;
367477477;26057803;3713963947;
367477477;3713963947;26057804;
367477477;26057804;3713963945;
367477477;3713963945;3713963944;
367477477;3713963944;3139458255;
367477477;3139458255;3713963942;
367477477;3713963942;26057805;
367477477;26057805;26057813;
420339891;5198413635;5476716959;
420339891;5476716959;4204296205;
420339891;4204296205;4202779473;
420339891;4202779473;4202779464;
420339891;4202779464;4202779467;
420339891;4202779467;4202779466;
420339891;4202779466;4202779468;
420339891;4202779468;4210849180;
420339891;4210849180;5198413634;
420339891;5198413634;5198413679;
420339891;5198413679;5476716958;
420339891;5476716958;4203872944;
420339891;4203872944;4202779474;
420455890;4203872944;4203872923;
420455890;4203872923;4203872930;
420455890;4203872930;4203872958;
420455890;4203872958;4203872957;
420455890;4203872957;5198413653;
420455890;5198413653;4210569962;
420455890;4210569962;4210569960;
420455890;4210569960;4210569952;
420455890;4210569952;4210569951;
420455890;4210569951;5454496150;
420455890;5454496150;4210569950;
420455890;4210569950;4210569949;
420455890;4210569949;4203872926;
420455890;4203872926;4210569948;
420455890;4210569948;4210569953;
420455890;4210569953;4210569954;
420455890;4210569954;5198413001;
420455890;5198413001;4203872921;
421305605;4210849143;5198563363;
421305605;5198563363;4210849160;
421305605;4210849160;4210849162;
421305605;4210849162;4203872944;
421305607;4210849144;5198563364;
421305607;5198563364;4210849146;
421305607;4210849146;4210849149;
421305607;4210849149;4210849151;
421305607;4210849151;4210849155;
421305607;4210849155;4210849156;
429123178;4282469057;4282469053;
429123178;4282469053;4282469051;
429123179;4282469056;506111742;
429123179;506111742;4282469050;
434878389;1724272886;3573222251;
434878389;3573222251;4327945216;
434878392;112613584;112613586;
434878392;112613586;112613587;
434878392;112613587;112613588;
434878392;112613588;112613589;
434878392;112613589;444004652;
434878392;444004652;2102030069;
434878392;2102030069;3139458266;
434878392;3139458266;2622548692;
434878392;2622548692;112613590;
434878392;112613590;112613592;
434878392;112613592;2622548688;
434878392;2622548688;112613593;
434878392;112613593;112613594;
434878392;112613594;112613595;
434878392;112613595;112613596;
434878392;112613596;112613597;
434878392;112613597;112613598;
434878392;112613598;4378186495;
434878392;4378186495;287458435;
434878392;287458435;112613600;
434878392;112613600;4907380638;
434878392;4907380638;287458431;
434879919;112651992;26057813;
434879919;26057813;112651993;
434879919;112651993;420776893;
434879919;420776893;4415729625;
434879919;4415729625;4415729622;
434879919;4415729622;420776894;
434879919;420776894;420776895;
434879919;420776895;112651994;
434879919;112651994;788826702;
434879919;788826702;788826710;
434879919;788826710;788826707;
434879919;788826707;788826682;
434879919;788826682;431925048;
434879919;431925048;2225262331;
434879919;2225262331;4907380635;
434879919;4907380635;4327958289;
434879919;4327958289;430267079;
434879919;430267079;112651995;
434879919;112651995;446308238;
434879919;446308238;4907380637;
434879919;4907380637;3139458282;
434879919;3139458282;287458421;
434879919;287458421;3139458278;
434879919;3139458278;4520426801;
434879919;4520426801;4520426809;
434879919;4520426809;112651997;
434879919;112651997;3139458018;
434879919;3139458018;112651999;
434879919;112651999;3139458237;
434879919;3139458237;112652000;
434879919;112652000;112652001;
434879919;112652001;112652002;
434879919;112652002;4327945217;
434879919;4327945217;112652003;
434879919;112652003;112652004;
434879919;112652004;2622548693;
434879919;2622548693;2169139657;
434879919;2169139657;2169139649;
434879919;2169139649;2169139651;
434879919;2169139651;112652006;
434879919;112652006;112652009;
434879919;112652009;430284836;
434879919;430284836;112652011;
434879919;112652011;112652012;
434879919;112652012;112652014;
440117025;4381093229;4378171721;
440117025;4378171721;4455723336;
440117025;4455723336;5198412998;
440117025;5198412998;5198412996;
440117025;5198412996;5454496157;
440117025;5454496157;5198563371;
440117025;5198563371;5198412991;
440117025;5198412991;5198412994;
440117112;4378185821;4378185829;
440117112;4378185829;4378185846;
440117112;4378185846;4378185851;
440117112;4378185851;4378185797;
440117112;4378185797;4378185688;
440117112;4378185688;4378185430;
440117112;4378185430;4378185413;
440117112;4378185413;4378185409;
440117112;4378185409;4378185400;
440117113;4378186057;4378186145;
440117113;4378186145;4378186187;
440117113;4378186187;4378186190;
440117113;4378186190;4378186191;
440117113;4378186191;4378186188;
440117113;4378186188;4378186177;
440117113;4378186177;4378186168;
440117113;4378186168;4378186150;
440117113;4378186150;4378186127;
440117113;4378186127;4378186124;
440117113;4378186124;4378186122;
440117113;4378186122;4378186047;
440117114;4378186122;4378186087;
440117115;4378185901;5476716983;
440117115;5476716983;4378185928;
440117116;4378186127;4378186170;
440117118;4378185629;4378185636;
440117120;4378186214;4378186216;
440117121;4378186047;4378186081;
440117122;4378185867;4378185824;
440117125;4378186229;5198563372;
440117125;5198563372;4378186209;
440117126;4378186056;4378186048;
440117127;4378186458;4378186478;
440117129;4378185811;4378185866;
440117131;4378186168;4378186291;
440117132;4378185868;4378185871;
440117134;4378185926;4378185933;
440117136;4378185658;4378185632;
440117137;4378185877;4378185835;
440117140;4378185840;4378185883;
440117141;4378185880;5476716970;
440117141;5476716970;4378185917;
440117142;4378185974;4378185999;
440117143;4378185830;4378185874;
440117144;4378185636;4378185666;
440117145;4378186302;4378186296;
440117146;4378186145;4378186134;
440117147;4378185849;4378185875;
440117148;4378185900;4378185894;
440117149;4378185408;4378185609;
440117150;4378185683;4378185829;
440117151;4378185636;4378185670;
440117152;4378186070;4378186083;
440117154;4378186207;4378186259;
440117154;4378186259;4378186293;
440117155;4378186291;4378186277;
440117155;4378186277;4378186150;
440117156;4378185872;5476716982;
440117156;5476716982;4378185902;
440117156;4378185902;5476716989;
440117156;5476716989;4378185927;
440117157;4378186240;4378186229;
440117157;4378186229;4378186205;
440117158;4378186047;4378186012;
440117158;4378186012;4378185999;
440117159;2156104176;4378186004;
440117159;4378186004;4378185940;
440117160;4378186293;4378186294;
440117160;4378186294;4378186259;
440117161;4378185857;4378185849;
440117161;4378185849;4378185843;
440117162;4378186291;4378186292;
440117162;4378186292;4378186338;
440117164;4378185400;4378185406;
440117164;4378185406;4378185433;
440117165;4378185632;4378185624;
440117165;4378185624;4378185609;
440117167;4378185791;4378185676;
440117167;4378185676;5476716994;
440117167;5476716994;4378185663;
440117169;4378185609;4378185604;
440117169;4378185604;430006697;
440117170;4378185938;5476716988;
440117170;5476716988;4378185922;
440117170;4378185922;5476716985;
440117170;5476716985;4378185887;
440117171;4378186208;4378186160;
440117171;4378186160;4378186151;
440117173;4378185875;4378185864;
440117173;4378185864;4378185839;
440117173;4378185839;4378185843;
440117174;4378186057;4378186055;
440117174;4378186055;4378186035;
440117174;4378186035;4378186026;
440117177;4378185859;5476716981;
440117177;5476716981;4378185872;
440117177;4378185872;4378185887;
440117177;4378185887;4378185901;
440117178;4378185632;4378185634;
440117178;4378185634;4378185611;
440117178;4378185611;430006697;
440117179;4378185978;4378186003;
440117179;4378186003;4378185980;
440117179;4378185980;4378185948;
440117182;4378185615;4378185630;
440117182;4378185630;4378185655;
440117182;4378185655;4378185653;
440117183;4378186338;4378186223;
440117183;4378186223;4378186207;
440117183;4378186207;4378186216;
440117184;4378185999;4378185992;
440117184;4378185992;4378185986;
440117184;4378185986;4378185977;
440117185;4378186431;4378186436;
440117185;4378186436;4378186458;
440117185;4378186458;4378186439;
440117186;4378186026;4378186028;
440117186;4378186028;4378186051;
440117186;4378186051;4378186057;
440117187;4378186414;4378186431;
440117187;4378186431;4378186439;
440117187;4378186439;4378186338;
440117188;4378185898;5476716990;
440117188;5476716990;4378185882;
440117188;4378185882;5476716980;
440117188;5476716980;4378185859;
440117188;4378185859;4378185857;
440117191;4378185615;4378185622;
440117191;4378185622;4378185640;
440117191;4378185640;4378185653;
440117193;4378171721;4378171717;
440117193;4378171717;4378171722;
440117193;4378171722;4378171726;
440117194;4378185977;4378185993;
440117194;4378185993;4378186000;
440117194;4378186000;4378185999;
440117195;4378185653;4378185658;
440117195;4378185658;4378185678;
440117195;4378185678;4378185670;
440117197;4378186240;4378186243;
440117197;4378186243;4378186296;
440117197;4378186296;4378186377;
440117197;4378186377;4378186394;
440117198;4378185796;4378185807;
440117198;4378185807;4378185871;
440117198;4378185871;4378185967;
440117198;4378185967;4378185974;
440117199;4378186151;4378186201;
440117199;4378186201;4378186208;
440117199;4378186208;4378186232;
440117199;4378186232;2156104171;
440117201;4378186205;5476716978;
440117201;5476716978;4378186200;
440117201;4378186200;4378186083;
440117201;4378186083;4378186024;
440117201;4378186024;4378185999;
440117202;4378185796;4378185802;
440117202;4378185802;4378185868;
440117202;4378185868;4378185962;
440117202;4378185962;4378185974;
440117203;4378186394;4378186388;
440117203;4378186388;4378186302;
440117203;4378186302;4378186245;
440117203;4378186245;4378186240;
440117204;4378186343;4378186318;
440117204;4378186318;4378186352;
440117204;4378186352;4378186351;
440117204;4378186351;4378186331;
440117205;4378186026;5476716986;
440117205;5476716986;4378185936;
440117205;4378185936;4378185922;
440117205;4378185922;4378185902;
440117205;4378185902;4378185882;
440117206;4378185940;4378185983;
440117206;4378185983;4378186094;
440117206;4378186094;4378186126;
440117206;4378186126;4378186142;
440117206;4378186142;4378186151;
440117207;4378185670;4378185801;
440117207;4378185801;4378185666;
440117207;4378185666;4378185635;
440117207;4378185635;4378185590;
440117207;4378185590;4378185629;
440117209;4378185999;4378186019;
440117209;4378186019;4378186056;
440117209;4378186056;4378186070;
440117209;4378186070;4378186192;
440117209;4378186192;5476716979;
440117209;5476716979;4378186205;
440117210;4378186177;4378186271;
440117210;4378186271;4378186279;
440117210;4378186279;4378186287;
440117210;4378186287;4378186282;
440117210;4378186282;4378186188;
440117211;4378185803;4378185861;
440117211;4378185861;5476716969;
440117211;5476716969;4378185894;
440117211;4378185894;4378185926;
440117211;4378185926;4378185948;
440117211;4378185948;4378185978;
440117211;4378185978;4378186012;
440117212;4378186495;5476716993;
440117212;5476716993;4378186482;
440117212;4378186482;4378186475;
440117212;4378186475;4378186474;
440117212;4378186474;4378186471;
440117212;4378186471;4378186478;
440117212;4378186478;4378186481;
440117213;4378186216;4378186267;
440117213;4378186267;4378186276;
440117213;4378186276;4378186339;
440117213;4378186339;4378186353;
440117213;4378186353;4378186406;
440117213;4378186406;444004620;
440117214;4378171739;4378171735;
440117214;4378171735;4378171730;
440117214;4378171730;4381093216;
440117214;4381093216;4381093217;
440117214;4381093217;4381093218;
440117214;4381093218;4381093219;
440117214;4381093219;4381093220;
440117214;4381093220;4381093221;
440117214;4381093221;4381093222;
440117214;4381093222;4381093223;
440117214;4381093223;4381093224;
440117214;4381093224;4378171726;
440117214;4378171726;4381093214;
440117214;4381093214;4381093215;
440117214;4381093215;444004683;
440117214;444004683;4378171728;
440117214;4378171728;4378171733;
440117214;4378171733;4378171737;
440117214;4378171737;4378171739;
440117215;4378186292;4378186343;
440117215;4378186343;4378186348;
440117215;4378186348;4378186414;
440117215;4378186414;4378186479;
440117215;4378186479;4378186412;
440117215;4378186412;4378186408;
440117215;4378186408;4378186394;
440117216;4378185901;5476716984;
440117216;5476716984;4378185936;
440117216;4378185936;5476716987;
440117216;5476716987;4378185947;
440117216;4378185947;4378185956;
440117216;4378185956;4378185953;
440117216;4378185953;4378185938;
440117216;4378185938;4378185927;
440117216;4378185927;4378185912;
440117216;4378185912;5476716991;
440117216;5476716991;4378185898;
440117217;4378185796;4378185791;
440117217;4378185791;4378185792;
440117217;4378185792;4378185803;
440117217;4378185803;4378185811;
440117217;4378185811;4378185824;
440117217;4378185824;4378185830;
440117217;4378185830;4378185835;
440117217;4378185835;4378185840;
440117217;4378185840;4378185843;
440117218;4378185861;4378185866;
440117218;4378185866;4378185867;
440117218;4378185867;4378185874;
440117218;4378185874;4378185877;
440117218;4378185877;4378185880;
440117218;4378185880;4378185883;
440117218;4378185883;4378185888;
440117218;4378185888;4378185857;
440389519;412246600;519337747;
440389519;519337747;5198412994;
440681022;2156098707;5198563373;
440681022;5198563373;4384588844;
440681022;4384588844;4384588855;
440681022;4384588855;4384588854;
440681022;4384588854;4384588845;
440681022;4384588845;4384588856;
440681022;4384588856;4384588846;
440681022;4384588846;4384588847;
440681022;4384588847;4384588848;
440681022;4384588848;4384588858;
440681022;4384588858;4384588849;
440681025;4384588858;4384588859;
444069160;433073106;4415729233;
444069160;4415729233;4415729234;
444069160;4415729234;4419264594;
444069160;4419264594;4496229592;
444069160;4496229592;4415729235;
444069160;4415729235;4496229591;
444069160;4496229591;4415729236;
444069160;4415729236;4496229590;
444069160;4496229590;4496229589;
444069160;4496229589;4415729237;
444069160;4415729237;4496228788;
444069160;4496228788;4415729238;
444069160;4415729238;4415729239;
444069160;4415729239;4496228786;
444069160;4496228786;4415729242;
444069160;4415729242;4496228787;
444069160;4496228787;4415729243;
444069160;4415729243;4415729244;
444069163;4415729261;4415729262;
444069163;4415729262;4415729263;
444069163;4415729263;4415729264;
444069163;4415729264;4415729265;
444069163;4415729265;4415729266;
444069163;4415729266;4415729267;
444069163;4415729267;4415729268;
444069163;4415729268;4415729269;
444069163;4415729269;4415729270;
444069163;4415729270;4415729271;
444069163;4415729271;4415729272;
444069163;4415729272;431947934;
444069190;4415729622;4415729623;
444069190;4415729623;4415729624;
444069190;4415729624;4415729641;
444069190;4415729641;4415729625;
444069191;4415729624;4415729626;
444069191;4415729626;4415729627;
444069191;4415729627;4415729628;
444069191;4415729628;4415729629;
444069191;4415729629;4415729637;
444069191;4415729637;4415729630;
444069191;4415729630;4415729631;
444069191;4415729631;4415729644;
444069191;4415729644;4415729645;
444069191;4415729645;4415729632;
444069191;4415729632;4415729633;
444069191;4415729633;4415729634;
444069191;4415729634;4415729635;
444069191;4415729635;4415729632;
444069192;4415729635;4415729636;
444069192;4415729636;4415729630;
444069193;4415729637;4415729638;
444069193;4415729638;4415729639;
444069193;4415729639;4415729636;
444069194;4415729623;4415729640;
444069195;4415729641;4415729642;
444069195;4415729642;4415729643;
448858674;412246608;5198960925;
448858674;5198960925;412246607;
448858674;412246607;412246606;
448858674;412246606;412246604;
448858674;412246604;412246603;
448858674;412246603;412246602;
456118771;4523960189;4534707505;
456118771;4534707505;4523960190;
456118771;4523960190;4523960191;
461925687;4282469049;2185848583;
461925687;2185848583;2185848586;
461925687;2185848586;2185848584;
461925687;2185848584;2185848565;
461925687;2185848565;2185848581;
461925687;2185848581;2185848561;
461925687;2185848561;2185848588;
461925687;2185848588;4517268358;
461925687;4517268358;2185848577;
461925687;2185848577;2185848563;
461925687;2185848563;2185848567;
461925687;2185848567;2185848568;
461925687;2185848568;2185848579;
468686243;420776909;3139458009;
468686243;3139458009;112613604;
468686243;112613604;2846609717;
468686243;2846609717;112613605;
468686243;112613605;112613606;
468686243;112613606;112652932;
473462766;788826712;4675765440;
473462766;4675765440;4675765441;
473462766;4675765441;4675765442;
473462766;4675765442;4675765443;
536615643;5198412998;5198563367;
536615643;5198563367;5197893111;
536615643;5197893111;5197876894;
536615643;5197876894;5197876895;
536615643;5197876895;5197876896;
536615643;5197876896;5197876897;
536618473;5197893110;5197893111;
536618474;5197893112;5197895924;
536618474;5197895924;5454496156;
536618474;5454496156;5197895922;
536618474;5197895922;5197895921;
536618474;5197895921;5197893120;
536618474;5197893120;5197893119;
536618474;5197893119;5197895926;
536618474;5197895926;5197893118;
536618474;5197893118;5197893117;
536618474;5197893117;5197893116;
536618474;5197893116;5197895927;
536618474;5197895927;5197895929;
536618474;5197895929;5197893115;
536618474;5197893115;5197893114;
536618474;5197893114;5197893113;
536618475;5198412996;5198563368;
536618475;5198563368;5197895924;
536618476;5197895925;5197895926;
536618477;5197895927;5197895928;
536618478;5197895929;5197895930;
536692974;5198412991;5198563362;
536692974;5198563362;5198539827;
536692974;5198539827;5198412992;
536692982;5198413634;5198413633;
536692994;5198413681;5198413682;
536692994;5198413682;5198413680;
536692994;5198413680;5198413683;
536692995;5198413683;5198413684;
536692996;5198413684;5198413679;
536758472;5198960925;5198960926;
566391519;5454496152;5454496153;
566391519;5454496153;5454496155;
566391519;5454496155;5198412992;
566391520;5198412992;5454496154;
566391521;5454496156;5454496157;
566391522;5454496159;5454496158;
566391522;5454496158;2156098745;
569470086;5476716983;5476716974;
569470087;5476716973;5476716972;
569470087;5476716972;5476716971;
569470087;5476716971;5476716970;
